**************************************************************************************************************


SPECIES :  I^- / I_2
PROCESS:  I^- + I_2 -> I^- + I_2, isotropic
PARAM.:   delta E = 0.00
COMMENT:  constant value, same order of magnitude in Cl2 and O2
UPDATED:  10/31/22
COLUMNS: Energy (eV) | Cross section (m2)
-----------------------------
 1.000000e-04    1.000000e-20
 1.037605e-04    1.000000e-20
 1.076624e-04    1.000000e-20
 1.117111e-04    1.000000e-20
 1.159120e-04    1.000000e-20
 1.202708e-04    1.000000e-20
 1.247936e-04    1.000000e-20
 1.294865e-04    1.000000e-20
 1.343558e-04    1.000000e-20
 1.394083e-04    1.000000e-20
 1.446507e-04    1.000000e-20
 1.500903e-04    1.000000e-20
 1.557345e-04    1.000000e-20
 1.615909e-04    1.000000e-20
 1.676675e-04    1.000000e-20
 1.739726e-04    1.000000e-20
 1.805149e-04    1.000000e-20
 1.873032e-04    1.000000e-20
 1.943467e-04    1.000000e-20
 2.016551e-04    1.000000e-20
 2.092383e-04    1.000000e-20
 2.171068e-04    1.000000e-20
 2.252711e-04    1.000000e-20
 2.337424e-04    1.000000e-20
 2.425323e-04    1.000000e-20
 2.516527e-04    1.000000e-20
 2.611161e-04    1.000000e-20
 2.709354e-04    1.000000e-20
 2.811239e-04    1.000000e-20
 2.916956e-04    1.000000e-20
 3.026648e-04    1.000000e-20
 3.140465e-04    1.000000e-20
 3.258562e-04    1.000000e-20
 3.381101e-04    1.000000e-20
 3.508247e-04    1.000000e-20
 3.640175e-04    1.000000e-20
 3.777064e-04    1.000000e-20
 3.919100e-04    1.000000e-20
 4.066478e-04    1.000000e-20
 4.219398e-04    1.000000e-20
 4.378069e-04    1.000000e-20
 4.542706e-04    1.000000e-20
 4.713535e-04    1.000000e-20
 4.890787e-04    1.000000e-20
 5.074705e-04    1.000000e-20
 5.265540e-04    1.000000e-20
 5.463550e-04    1.000000e-20
 5.669007e-04    1.000000e-20
 5.882190e-04    1.000000e-20
 6.103390e-04    1.000000e-20
 6.332908e-04    1.000000e-20
 6.571058e-04    1.000000e-20
 6.818162e-04    1.000000e-20
 7.074559e-04    1.000000e-20
 7.340598e-04    1.000000e-20
 7.616642e-04    1.000000e-20
 7.903066e-04    1.000000e-20
 8.200261e-04    1.000000e-20
 8.508632e-04    1.000000e-20
 8.828599e-04    1.000000e-20
 9.160598e-04    1.000000e-20
 9.505083e-04    1.000000e-20
 9.862522e-04    1.000000e-20
 1.023340e-03    1.000000e-20
 1.061823e-03    1.000000e-20
 1.101753e-03    1.000000e-20
 1.143184e-03    1.000000e-20
 1.186174e-03    1.000000e-20
 1.230780e-03    1.000000e-20
 1.277063e-03    1.000000e-20
 1.325087e-03    1.000000e-20
 1.374917e-03    1.000000e-20
 1.426621e-03    1.000000e-20
 1.480269e-03    1.000000e-20
 1.535935e-03    1.000000e-20
 1.593694e-03    1.000000e-20
 1.653624e-03    1.000000e-20
 1.715809e-03    1.000000e-20
 1.780332e-03    1.000000e-20
 1.847281e-03    1.000000e-20
 1.916748e-03    1.000000e-20
 1.988828e-03    1.000000e-20
 2.063618e-03    1.000000e-20
 2.141220e-03    1.000000e-20
 2.221741e-03    1.000000e-20
 2.305289e-03    1.000000e-20
 2.391980e-03    1.000000e-20
 2.481930e-03    1.000000e-20
 2.575263e-03    1.000000e-20
 2.672106e-03    1.000000e-20
 2.772591e-03    1.000000e-20
 2.876854e-03    1.000000e-20
 2.985038e-03    1.000000e-20
 3.097291e-03    1.000000e-20
 3.213764e-03    1.000000e-20
 3.334618e-03    1.000000e-20
 3.460016e-03    1.000000e-20
 3.590130e-03    1.000000e-20
 3.725137e-03    1.000000e-20
 3.865221e-03    1.000000e-20
 4.010573e-03    1.000000e-20
 4.161391e-03    1.000000e-20
 4.317880e-03    1.000000e-20
 4.480254e-03    1.000000e-20
 4.648734e-03    1.000000e-20
 4.823549e-03    1.000000e-20
 5.004939e-03    1.000000e-20
 5.193150e-03    1.000000e-20
 5.388438e-03    1.000000e-20
 5.591071e-03    1.000000e-20
 5.801323e-03    1.000000e-20
 6.019482e-03    1.000000e-20
 6.245845e-03    1.000000e-20
 6.480720e-03    1.000000e-20
 6.724427e-03    1.000000e-20
 6.977300e-03    1.000000e-20
 7.239681e-03    1.000000e-20
 7.511929e-03    1.000000e-20
 7.794416e-03    1.000000e-20
 8.087525e-03    1.000000e-20
 8.391656e-03    1.000000e-20
 8.707225e-03    1.000000e-20
 9.034660e-03    1.000000e-20
 9.374409e-03    1.000000e-20
 9.726934e-03    1.000000e-20
 1.009272e-02    1.000000e-20
 1.047225e-02    1.000000e-20
 1.086606e-02    1.000000e-20
 1.127468e-02    1.000000e-20
 1.169866e-02    1.000000e-20
 1.213859e-02    1.000000e-20
 1.259506e-02    1.000000e-20
 1.306870e-02    1.000000e-20
 1.356015e-02    1.000000e-20
 1.407008e-02    1.000000e-20
 1.459919e-02    1.000000e-20
 1.514819e-02    1.000000e-20
 1.571784e-02    1.000000e-20
 1.630891e-02    1.000000e-20
 1.692220e-02    1.000000e-20
 1.755856e-02    1.000000e-20
 1.821885e-02    1.000000e-20
 1.890397e-02    1.000000e-20
 1.961486e-02    1.000000e-20
 2.035248e-02    1.000000e-20
 2.111783e-02    1.000000e-20
 2.191197e-02    1.000000e-20
 2.273597e-02    1.000000e-20
 2.359095e-02    1.000000e-20
 2.447809e-02    1.000000e-20
 2.539859e-02    1.000000e-20
 2.635371e-02    1.000000e-20
 2.734474e-02    1.000000e-20
 2.837304e-02    1.000000e-20
 2.944000e-02    1.000000e-20
 3.054710e-02    1.000000e-20
 3.169582e-02    1.000000e-20
 3.288774e-02    1.000000e-20
 3.412449e-02    1.000000e-20
 3.540774e-02    1.000000e-20
 3.673925e-02    1.000000e-20
 3.812083e-02    1.000000e-20
 3.955436e-02    1.000000e-20
 4.104181e-02    1.000000e-20
 4.258518e-02    1.000000e-20
 4.418660e-02    1.000000e-20
 4.584824e-02    1.000000e-20
 4.757236e-02    1.000000e-20
 4.936132e-02    1.000000e-20
 5.121755e-02    1.000000e-20
 5.314359e-02    1.000000e-20
 5.514206e-02    1.000000e-20
 5.721568e-02    1.000000e-20
 5.936727e-02    1.000000e-20
 6.159978e-02    1.000000e-20
 6.391624e-02    1.000000e-20
 6.631981e-02    1.000000e-20
 6.881377e-02    1.000000e-20
 7.140151e-02    1.000000e-20
 7.408657e-02    1.000000e-20
 7.687260e-02    1.000000e-20
 7.976339e-02    1.000000e-20
 8.276289e-02    1.000000e-20
 8.587519e-02    1.000000e-20
 8.910453e-02    1.000000e-20
 9.245531e-02    1.000000e-20
 9.593209e-02    1.000000e-20
 9.953962e-02    1.000000e-20
 1.032828e-01    1.000000e-20
 1.071668e-01    1.000000e-20
 1.111968e-01    1.000000e-20
 1.153783e-01    1.000000e-20
 1.197171e-01    1.000000e-20
 1.242191e-01    1.000000e-20
 1.288904e-01    1.000000e-20
 1.337373e-01    1.000000e-20
 1.387665e-01    1.000000e-20
 1.439848e-01    1.000000e-20
 1.493993e-01    1.000000e-20
 1.550175e-01    1.000000e-20
 1.608469e-01    1.000000e-20
 1.668956e-01    1.000000e-20
 1.731717e-01    1.000000e-20
 1.796838e-01    1.000000e-20
 1.864409e-01    1.000000e-20
 1.934520e-01    1.000000e-20
 2.007267e-01    1.000000e-20
 2.082751e-01    1.000000e-20
 2.161073e-01    1.000000e-20
 2.242340e-01    1.000000e-20
 2.326663e-01    1.000000e-20
 2.414157e-01    1.000000e-20
 2.504942e-01    1.000000e-20
 2.599140e-01    1.000000e-20
 2.696881e-01    1.000000e-20
 2.798297e-01    1.000000e-20
 2.903527e-01    1.000000e-20
 3.012714e-01    1.000000e-20
 3.126007e-01    1.000000e-20
 3.243561e-01    1.000000e-20
 3.365535e-01    1.000000e-20
 3.492096e-01    1.000000e-20
 3.623416e-01    1.000000e-20
 3.759675e-01    1.000000e-20
 3.901058e-01    1.000000e-20
 4.047757e-01    1.000000e-20
 4.199973e-01    1.000000e-20
 4.357913e-01    1.000000e-20
 4.521792e-01    1.000000e-20
 4.691835e-01    1.000000e-20
 4.868271e-01    1.000000e-20
 5.051342e-01    1.000000e-20
 5.241298e-01    1.000000e-20
 5.438397e-01    1.000000e-20
 5.642908e-01    1.000000e-20
 5.855110e-01    1.000000e-20
 6.075292e-01    1.000000e-20
 6.303753e-01    1.000000e-20
 6.540806e-01    1.000000e-20
 6.786773e-01    1.000000e-20
 7.041990e-01    1.000000e-20
 7.306804e-01    1.000000e-20
 7.581576e-01    1.000000e-20
 7.866682e-01    1.000000e-20
 8.162509e-01    1.000000e-20
 8.469460e-01    1.000000e-20
 8.787954e-01    1.000000e-20
 9.118425e-01    1.000000e-20
 9.461324e-01    1.000000e-20
 9.817117e-01    1.000000e-20
 1.018629e+00    1.000000e-20
 1.056935e+00    1.000000e-20
 1.096681e+00    1.000000e-20
 1.137921e+00    1.000000e-20
 1.180713e+00    1.000000e-20
 1.225114e+00    1.000000e-20
 1.271184e+00    1.000000e-20
 1.318987e+00    1.000000e-20
 1.368587e+00    1.000000e-20
 1.420053e+00    1.000000e-20
 1.473454e+00    1.000000e-20
 1.528864e+00    1.000000e-20
 1.586357e+00    1.000000e-20
 1.646012e+00    1.000000e-20
 1.707910e+00    1.000000e-20
 1.772136e+00    1.000000e-20
 1.838777e+00    1.000000e-20
 1.907924e+00    1.000000e-20
 1.979672e+00    1.000000e-20
 2.054117e+00    1.000000e-20
 2.131362e+00    1.000000e-20
 2.211512e+00    1.000000e-20
 2.294676e+00    1.000000e-20
 2.380968e+00    1.000000e-20
 2.470504e+00    1.000000e-20
 2.563407e+00    1.000000e-20
 2.659804e+00    1.000000e-20
 2.759826e+00    1.000000e-20
 2.863610e+00    1.000000e-20
 2.971296e+00    1.000000e-20
 3.083031e+00    1.000000e-20
 3.198969e+00    1.000000e-20
 3.319266e+00    1.000000e-20
 3.444087e+00    1.000000e-20
 3.573602e+00    1.000000e-20
 3.707988e+00    1.000000e-20
 3.847427e+00    1.000000e-20
 3.992109e+00    1.000000e-20
 4.142232e+00    1.000000e-20
 4.298001e+00    1.000000e-20
 4.459628e+00    1.000000e-20
 4.627332e+00    1.000000e-20
 4.801343e+00    1.000000e-20
 4.981898e+00    1.000000e-20
 5.169242e+00    1.000000e-20
 5.363631e+00    1.000000e-20
 5.565331e+00    1.000000e-20
 5.774615e+00    1.000000e-20
 5.991770e+00    1.000000e-20
 6.217090e+00    1.000000e-20
 6.450884e+00    1.000000e-20
 6.693470e+00    1.000000e-20
 6.945178e+00    1.000000e-20
 7.206351e+00    1.000000e-20
 7.477346e+00    1.000000e-20
 7.758532e+00    1.000000e-20
 8.050292e+00    1.000000e-20
 8.353023e+00    1.000000e-20
 8.667139e+00    1.000000e-20
 8.993067e+00    1.000000e-20
 9.331251e+00    1.000000e-20
 9.682153e+00    1.000000e-20
 1.004625e+01    1.000000e-20
 1.042404e+01    1.000000e-20
 1.081604e+01    1.000000e-20
 1.122277e+01    1.000000e-20
 1.164481e+01    1.000000e-20
 1.208271e+01    1.000000e-20
 1.253708e+01    1.000000e-20
 1.300854e+01    1.000000e-20
 1.349772e+01    1.000000e-20
 1.400531e+01    1.000000e-20
 1.453198e+01    1.000000e-20
 1.507845e+01    1.000000e-20
 1.564548e+01    1.000000e-20
 1.623382e+01    1.000000e-20
 1.684430e+01    1.000000e-20
 1.747773e+01    1.000000e-20
 1.813498e+01    1.000000e-20
 1.881694e+01    1.000000e-20
 1.952456e+01    1.000000e-20
 2.025878e+01    1.000000e-20
 2.102061e+01    1.000000e-20
 2.181109e+01    1.000000e-20
 2.263130e+01    1.000000e-20
 2.348235e+01    1.000000e-20
 2.436540e+01    1.000000e-20
 2.528166e+01    1.000000e-20
 2.623238e+01    1.000000e-20
 2.721885e+01    1.000000e-20
 2.824241e+01    1.000000e-20
 2.930447e+01    1.000000e-20
 3.040646e+01    1.000000e-20
 3.154990e+01    1.000000e-20
 3.273634e+01    1.000000e-20
 3.396739e+01    1.000000e-20
 3.524473e+01    1.000000e-20
 3.657011e+01    1.000000e-20
 3.794533e+01    1.000000e-20
 3.937226e+01    1.000000e-20
 4.085286e+01    1.000000e-20
 4.238913e+01    1.000000e-20
 4.398317e+01    1.000000e-20
 4.563716e+01    1.000000e-20
 4.735335e+01    1.000000e-20
 4.913407e+01    1.000000e-20
 5.098176e+01    1.000000e-20
 5.289893e+01    1.000000e-20
 5.488820e+01    1.000000e-20
 5.695227e+01    1.000000e-20
 5.909396e+01    1.000000e-20
 6.131619e+01    1.000000e-20
 6.362198e+01    1.000000e-20
 6.601449e+01    1.000000e-20
 6.849697e+01    1.000000e-20
 7.107280e+01    1.000000e-20
 7.374549e+01    1.000000e-20
 7.651869e+01    1.000000e-20
 7.939618e+01    1.000000e-20
 8.238187e+01    1.000000e-20
 8.547985e+01    1.000000e-20
 8.869432e+01    1.000000e-20
 9.202967e+01    1.000000e-20
 9.549045e+01    1.000000e-20
 9.908137e+01    1.000000e-20
 1.028073e+02    1.000000e-20
 1.066734e+02    1.000000e-20
 1.106848e+02    1.000000e-20
 1.148472e+02    1.000000e-20
 1.191660e+02    1.000000e-20
 1.236472e+02    1.000000e-20
 1.282970e+02    1.000000e-20
 1.331216e+02    1.000000e-20
 1.381276e+02    1.000000e-20
 1.433219e+02    1.000000e-20
 1.487115e+02    1.000000e-20
 1.543038e+02    1.000000e-20
 1.601064e+02    1.000000e-20
 1.661273e+02    1.000000e-20
 1.723745e+02    1.000000e-20
 1.788566e+02    1.000000e-20
 1.855825e+02    1.000000e-20
 1.925614e+02    1.000000e-20
 1.998026e+02    1.000000e-20
 2.073162e+02    1.000000e-20
 2.151123e+02    1.000000e-20
 2.232016e+02    1.000000e-20
 2.315951e+02    1.000000e-20
 2.403043e+02    1.000000e-20
 2.493409e+02    1.000000e-20
 2.587174e+02    1.000000e-20
 2.684465e+02    1.000000e-20
 2.785414e+02    1.000000e-20
 2.890160e+02    1.000000e-20
 2.998844e+02    1.000000e-20
 3.111616e+02    1.000000e-20
 3.228628e+02    1.000000e-20
 3.350041e+02    1.000000e-20
 3.476019e+02    1.000000e-20
 3.606735e+02    1.000000e-20
 3.742366e+02    1.000000e-20
 3.883098e+02    1.000000e-20
 4.029122e+02    1.000000e-20
 4.180637e+02    1.000000e-20
 4.337850e+02    1.000000e-20
 4.500975e+02    1.000000e-20
 4.670234e+02    1.000000e-20
 4.845859e+02    1.000000e-20
 5.028087e+02    1.000000e-20
 5.217169e+02    1.000000e-20
 5.413360e+02    1.000000e-20
 5.616930e+02    1.000000e-20
 5.828155e+02    1.000000e-20
 6.047322e+02    1.000000e-20
 6.274732e+02    1.000000e-20
 6.510694e+02    1.000000e-20
 6.755528e+02    1.000000e-20
 7.009570e+02    1.000000e-20
 7.273165e+02    1.000000e-20
 7.546673e+02    1.000000e-20
 7.830465e+02    1.000000e-20
 8.124930e+02    1.000000e-20
 8.430468e+02    1.000000e-20
 8.747496e+02    1.000000e-20
 9.076446e+02    1.000000e-20
 9.417766e+02    1.000000e-20
 9.771921e+02    1.000000e-20
 1.013939e+03    1.000000e-20
 1.052069e+03    1.000000e-20
 1.091632e+03    1.000000e-20
 1.132683e+03    1.000000e-20
 1.175277e+03    1.000000e-20
 1.219473e+03    1.000000e-20
 1.265332e+03    1.000000e-20
 1.312915e+03    1.000000e-20
 1.362287e+03    1.000000e-20
 1.413516e+03    1.000000e-20
 1.466671e+03    1.000000e-20
 1.521825e+03    1.000000e-20
 1.579053e+03    1.000000e-20
 1.638434e+03    1.000000e-20
 1.700047e+03    1.000000e-20
 1.763977e+03    1.000000e-20
 1.830312e+03    1.000000e-20
 1.899141e+03    1.000000e-20
 1.970558e+03    1.000000e-20
 2.044661e+03    1.000000e-20
 2.121550e+03    1.000000e-20
 2.201331e+03    1.000000e-20
 2.284112e+03    1.000000e-20
 2.370006e+03    1.000000e-20
 2.459130e+03    1.000000e-20
 2.551606e+03    1.000000e-20
 2.647559e+03    1.000000e-20
 2.747121e+03    1.000000e-20
 2.850426e+03    1.000000e-20
 2.957617e+03    1.000000e-20
 3.068838e+03    1.000000e-20
 3.184242e+03    1.000000e-20
 3.303985e+03    1.000000e-20
 3.428231e+03    1.000000e-20
 3.557150e+03    1.000000e-20
 3.690917e+03    1.000000e-20
 3.829714e+03    1.000000e-20
 3.973730e+03    1.000000e-20
 4.123163e+03    1.000000e-20
 4.278214e+03    1.000000e-20
 4.439097e+03    1.000000e-20
 4.606029e+03    1.000000e-20
 4.779239e+03    1.000000e-20
 4.958962e+03    1.000000e-20
 5.145444e+03    1.000000e-20
 5.338938e+03    1.000000e-20
 5.539709e+03    1.000000e-20
 5.748030e+03    1.000000e-20
 5.964185e+03    1.000000e-20
 6.188468e+03    1.000000e-20
 6.421186e+03    1.000000e-20
 6.662655e+03    1.000000e-20
 6.913204e+03    1.000000e-20
 7.173175e+03    1.000000e-20
 7.442922e+03    1.000000e-20
 7.722814e+03    1.000000e-20
 8.013230e+03    1.000000e-20
 8.314568e+03    1.000000e-20
 8.627237e+03    1.000000e-20
 8.951665e+03    1.000000e-20
 9.288292e+03    1.000000e-20
 9.637579e+03    1.000000e-20
 1.000000e+04    1.000000e-20
-----------------------------
