**************************************************************************************************************


SPECIES :  I_2^+ / I^-
PROCESS:  I_2^+ + I^- -> 3I, RECOMBINATION
PARAM.:   delta E = 0.00
COMMENT:  rate (T)
UPDATED:  10/27/22
COLUMNS: Energy (eV) | Cross section (m2)
-----------------------------
 1.000000e-03    5.322890e-15
 1.016265e-03    5.237698e-15
 1.032795e-03    5.153870e-15
 1.049593e-03    5.071383e-15
 1.066665e-03    4.990217e-15
 1.084014e-03    4.910350e-15
 1.101646e-03    4.831761e-15
 1.119564e-03    4.754430e-15
 1.137774e-03    4.678336e-15
 1.156280e-03    4.603460e-15
 1.175087e-03    4.529783e-15
 1.194200e-03    4.457285e-15
 1.213624e-03    4.385947e-15
 1.233363e-03    4.315751e-15
 1.253424e-03    4.246678e-15
 1.273811e-03    4.178711e-15
 1.294530e-03    4.111832e-15
 1.315586e-03    4.046023e-15
 1.336984e-03    3.981267e-15
 1.358730e-03    3.917548e-15
 1.380830e-03    3.854849e-15
 1.403289e-03    3.793153e-15
 1.426114e-03    3.732444e-15
 1.449310e-03    3.672707e-15
 1.472883e-03    3.613926e-15
 1.496839e-03    3.556086e-15
 1.521186e-03    3.499172e-15
 1.545928e-03    3.443168e-15
 1.571072e-03    3.388061e-15
 1.596626e-03    3.333836e-15
 1.622595e-03    3.280479e-15
 1.648987e-03    3.227976e-15
 1.675808e-03    3.176313e-15
 1.703065e-03    3.125476e-15
 1.730766e-03    3.075454e-15
 1.758917e-03    3.026232e-15
 1.787526e-03    2.977798e-15
 1.816600e-03    2.930139e-15
 1.846147e-03    2.883243e-15
 1.876175e-03    2.837097e-15
 1.906691e-03    2.791690e-15
 1.937703e-03    2.747010e-15
 1.969220e-03    2.703044e-15
 2.001250e-03    2.659783e-15
 2.033800e-03    2.617214e-15
 2.066880e-03    2.575326e-15
 2.100498e-03    2.534108e-15
 2.134663e-03    2.493550e-15
 2.169384e-03    2.453642e-15
 2.204669e-03    2.414372e-15
 2.240528e-03    2.375730e-15
 2.276970e-03    2.337707e-15
 2.314005e-03    2.300293e-15
 2.351643e-03    2.263477e-15
 2.389893e-03    2.227251e-15
 2.428764e-03    2.191604e-15
 2.468268e-03    2.156528e-15
 2.508415e-03    2.122013e-15
 2.549215e-03    2.088051e-15
 2.590678e-03    2.054632e-15
 2.632815e-03    2.021748e-15
 2.675638e-03    1.989390e-15
 2.719158e-03    1.957551e-15
 2.763385e-03    1.926221e-15
 2.808332e-03    1.895392e-15
 2.854010e-03    1.865057e-15
 2.900430e-03    1.835207e-15
 2.947606e-03    1.805835e-15
 2.995549e-03    1.776933e-15
 3.044272e-03    1.748493e-15
 3.093788e-03    1.720509e-15
 3.144108e-03    1.692973e-15
 3.195248e-03    1.665877e-15
 3.247218e-03    1.639215e-15
 3.300035e-03    1.612980e-15
 3.353710e-03    1.587164e-15
 3.408259e-03    1.561762e-15
 3.463694e-03    1.536767e-15
 3.520031e-03    1.512171e-15
 3.577285e-03    1.487969e-15
 3.635470e-03    1.464154e-15
 3.694601e-03    1.440721e-15
 3.754694e-03    1.417663e-15
 3.815765e-03    1.394973e-15
 3.877828e-03    1.372647e-15
 3.940902e-03    1.350678e-15
 4.005001e-03    1.329061e-15
 4.070142e-03    1.307790e-15
 4.136344e-03    1.286859e-15
 4.203622e-03    1.266263e-15
 4.271994e-03    1.245997e-15
 4.341478e-03    1.226055e-15
 4.412093e-03    1.206432e-15
 4.483856e-03    1.187123e-15
 4.556786e-03    1.168124e-15
 4.630903e-03    1.149428e-15
 4.706225e-03    1.131032e-15
 4.782772e-03    1.112930e-15
 4.860564e-03    1.095118e-15
 4.939622e-03    1.077591e-15
 5.019965e-03    1.060344e-15
 5.101615e-03    1.043373e-15
 5.184594e-03    1.026674e-15
 5.268921e-03    1.010243e-15
 5.354621e-03    9.940740e-16
 5.441714e-03    9.781641e-16
 5.530224e-03    9.625088e-16
 5.620174e-03    9.471041e-16
 5.711586e-03    9.319459e-16
 5.804486e-03    9.170303e-16
 5.898896e-03    9.023535e-16
 5.994843e-03    8.879115e-16
 6.092349e-03    8.737007e-16
 6.191442e-03    8.597173e-16
 6.292146e-03    8.459577e-16
 6.394488e-03    8.324184e-16
 6.498495e-03    8.190957e-16
 6.604194e-03    8.059863e-16
 6.711612e-03    7.930866e-16
 6.820777e-03    7.803935e-16
 6.931717e-03    7.679035e-16
 7.044462e-03    7.556133e-16
 7.159041e-03    7.435199e-16
 7.275484e-03    7.316201e-16
 7.393820e-03    7.199106e-16
 7.514081e-03    7.083886e-16
 7.636298e-03    6.970510e-16
 7.760503e-03    6.858949e-16
 7.886729e-03    6.749173e-16
 8.015007e-03    6.641154e-16
 8.145372e-03    6.534864e-16
 8.277857e-03    6.430275e-16
 8.412497e-03    6.327360e-16
 8.549327e-03    6.226092e-16
 8.688383e-03    6.126445e-16
 8.829700e-03    6.028392e-16
 8.973316e-03    5.931909e-16
 9.119268e-03    5.836971e-16
 9.267593e-03    5.743551e-16
 9.418332e-03    5.651627e-16
 9.571522e-03    5.561174e-16
 9.727203e-03    5.472169e-16
 9.885417e-03    5.384588e-16
 1.004620e-02    5.298409e-16
 1.020961e-02    5.213609e-16
 1.037567e-02    5.130166e-16
 1.054443e-02    5.048059e-16
 1.071593e-02    4.967266e-16
 1.089023e-02    4.887766e-16
 1.106736e-02    4.809539e-16
 1.124737e-02    4.732563e-16
 1.143031e-02    4.656819e-16
 1.161623e-02    4.582288e-16
 1.180517e-02    4.508950e-16
 1.199718e-02    4.436785e-16
 1.219231e-02    4.365775e-16
 1.239062e-02    4.295902e-16
 1.259216e-02    4.227147e-16
 1.279697e-02    4.159493e-16
 1.300511e-02    4.092921e-16
 1.321664e-02    4.027415e-16
 1.343161e-02    3.962957e-16
 1.365008e-02    3.899531e-16
 1.387210e-02    3.837119e-16
 1.409773e-02    3.775707e-16
 1.432703e-02    3.715278e-16
 1.456006e-02    3.655816e-16
 1.479688e-02    3.597305e-16
 1.503755e-02    3.539731e-16
 1.528214e-02    3.483079e-16
 1.553071e-02    3.427333e-16
 1.578331e-02    3.372479e-16
 1.604003e-02    3.318503e-16
 1.630092e-02    3.265391e-16
 1.656606e-02    3.213130e-16
 1.683551e-02    3.161704e-16
 1.710934e-02    3.111102e-16
 1.738762e-02    3.061309e-16
 1.767044e-02    3.012314e-16
 1.795785e-02    2.964102e-16
 1.824993e-02    2.916663e-16
 1.854677e-02    2.869982e-16
 1.884843e-02    2.824049e-16
 1.915501e-02    2.778850e-16
 1.946656e-02    2.734376e-16
 1.978319e-02    2.690613e-16
 2.010496e-02    2.647550e-16
 2.043197e-02    2.605177e-16
 2.076430e-02    2.563481e-16
 2.110203e-02    2.522453e-16
 2.144526e-02    2.482082e-16
 2.179407e-02    2.442357e-16
 2.214855e-02    2.403268e-16
 2.250880e-02    2.364804e-16
 2.287491e-02    2.326956e-16
 2.324697e-02    2.289713e-16
 2.362508e-02    2.253067e-16
 2.400935e-02    2.217007e-16
 2.439986e-02    2.181524e-16
 2.479673e-02    2.146610e-16
 2.520005e-02    2.112254e-16
 2.560993e-02    2.078447e-16
 2.602648e-02    2.045182e-16
 2.644980e-02    2.012450e-16
 2.688001e-02    1.980241e-16
 2.731722e-02    1.948548e-16
 2.776153e-02    1.917362e-16
 2.821308e-02    1.886675e-16
 2.867196e-02    1.856479e-16
 2.913832e-02    1.826766e-16
 2.961225e-02    1.797529e-16
 3.009390e-02    1.768760e-16
 3.058338e-02    1.740452e-16
 3.108082e-02    1.712596e-16
 3.158635e-02    1.685186e-16
 3.210011e-02    1.658215e-16
 3.262222e-02    1.631676e-16
 3.315282e-02    1.605561e-16
 3.369206e-02    1.579865e-16
 3.424006e-02    1.554579e-16
 3.479698e-02    1.529699e-16
 3.536296e-02    1.505216e-16
 3.593814e-02    1.481126e-16
 3.652267e-02    1.457421e-16
 3.711672e-02    1.434095e-16
 3.772042e-02    1.411143e-16
 3.833395e-02    1.388558e-16
 3.895746e-02    1.366334e-16
 3.959110e-02    1.344466e-16
 4.023506e-02    1.322948e-16
 4.088948e-02    1.301775e-16
 4.155455e-02    1.280940e-16
 4.223044e-02    1.260439e-16
 4.291732e-02    1.240266e-16
 4.361538e-02    1.220416e-16
 4.432479e-02    1.200883e-16
 4.504573e-02    1.181663e-16
 4.577841e-02    1.162751e-16
 4.652300e-02    1.144142e-16
 4.727970e-02    1.125830e-16
 4.804870e-02    1.107811e-16
 4.883022e-02    1.090081e-16
 4.962445e-02    1.072635e-16
 5.043159e-02    1.055467e-16
 5.125187e-02    1.038575e-16
 5.208549e-02    1.021953e-16
 5.293266e-02    1.005596e-16
 5.379362e-02    9.895021e-17
 5.466857e-02    9.736654e-17
 5.555776e-02    9.580821e-17
 5.646141e-02    9.427482e-17
 5.737976e-02    9.276597e-17
 5.831305e-02    9.128127e-17
 5.926152e-02    8.982034e-17
 6.022541e-02    8.838279e-17
 6.120498e-02    8.696824e-17
 6.220049e-02    8.557633e-17
 6.321218e-02    8.420670e-17
 6.424034e-02    8.285899e-17
 6.528521e-02    8.153285e-17
 6.634708e-02    8.022794e-17
 6.742622e-02    7.894391e-17
 6.852292e-02    7.768043e-17
 6.963745e-02    7.643717e-17
 7.077011e-02    7.521381e-17
 7.192119e-02    7.401003e-17
 7.309099e-02    7.282552e-17
 7.427982e-02    7.165996e-17
 7.548799e-02    7.051306e-17
 7.671581e-02    6.938452e-17
 7.796360e-02    6.827404e-17
 7.923169e-02    6.718132e-17
 8.052040e-02    6.610610e-17
 8.183007e-02    6.504809e-17
 8.316104e-02    6.400701e-17
 8.451366e-02    6.298259e-17
 8.588829e-02    6.197457e-17
 8.728527e-02    6.098268e-17
 8.870497e-02    6.000667e-17
 9.014776e-02    5.904628e-17
 9.161402e-02    5.810125e-17
 9.310413e-02    5.717136e-17
 9.461848e-02    5.625634e-17
 9.615746e-02    5.535597e-17
 9.772147e-02    5.447001e-17
 9.931092e-02    5.359823e-17
 1.009262e-01    5.274040e-17
 1.025678e-01    5.189631e-17
 1.042361e-01    5.106572e-17
 1.059315e-01    5.024842e-17
 1.076545e-01    4.944421e-17
 1.094055e-01    4.865287e-17
 1.111850e-01    4.787419e-17
 1.129934e-01    4.710797e-17
 1.148312e-01    4.635402e-17
 1.166990e-01    4.561213e-17
 1.185971e-01    4.488212e-17
 1.205261e-01    4.416379e-17
 1.224865e-01    4.345696e-17
 1.244787e-01    4.276144e-17
 1.265034e-01    4.207706e-17
 1.285610e-01    4.140362e-17
 1.306520e-01    4.074097e-17
 1.327771e-01    4.008892e-17
 1.349367e-01    3.944730e-17
 1.371315e-01    3.881596e-17
 1.393619e-01    3.819472e-17
 1.416287e-01    3.758342e-17
 1.439323e-01    3.698191e-17
 1.462733e-01    3.639002e-17
 1.486525e-01    3.580761e-17
 1.510703e-01    3.523451e-17
 1.535275e-01    3.467059e-17
 1.560246e-01    3.411570e-17
 1.585624e-01    3.356968e-17
 1.611414e-01    3.303241e-17
 1.637624e-01    3.250373e-17
 1.664260e-01    3.198352e-17
 1.691330e-01    3.147163e-17
 1.718839e-01    3.096793e-17
 1.746796e-01    3.047230e-17
 1.775208e-01    2.998460e-17
 1.804082e-01    2.950470e-17
 1.833425e-01    2.903248e-17
 1.863246e-01    2.856783e-17
 1.893552e-01    2.811060e-17
 1.924351e-01    2.766070e-17
 1.955651e-01    2.721800e-17
 1.987460e-01    2.678238e-17
 2.019786e-01    2.635373e-17
 2.052638e-01    2.593195e-17
 2.086024e-01    2.551691e-17
 2.119953e-01    2.510852e-17
 2.154435e-01    2.470667e-17
 2.189477e-01    2.431124e-17
 2.225089e-01    2.392214e-17
 2.261280e-01    2.353928e-17
 2.298060e-01    2.316254e-17
 2.335438e-01    2.279182e-17
 2.373424e-01    2.242705e-17
 2.412028e-01    2.206811e-17
 2.451260e-01    2.171491e-17
 2.491130e-01    2.136737e-17
 2.531648e-01    2.102539e-17
 2.572826e-01    2.068888e-17
 2.614673e-01    2.035776e-17
 2.657201e-01    2.003194e-17
 2.700421e-01    1.971133e-17
 2.744343e-01    1.939586e-17
 2.788980e-01    1.908543e-17
 2.834343e-01    1.877998e-17
 2.880444e-01    1.847941e-17
 2.927295e-01    1.818365e-17
 2.974908e-01    1.789262e-17
 3.023295e-01    1.760625e-17
 3.072469e-01    1.732447e-17
 3.122443e-01    1.704720e-17
 3.173230e-01    1.677436e-17
 3.224842e-01    1.650589e-17
 3.277295e-01    1.624172e-17
 3.330600e-01    1.598177e-17
 3.384773e-01    1.572599e-17
 3.439826e-01    1.547430e-17
 3.495776e-01    1.522663e-17
 3.552635e-01    1.498294e-17
 3.610419e-01    1.474314e-17
 3.669142e-01    1.450718e-17
 3.728821e-01    1.427499e-17
 3.789471e-01    1.404652e-17
 3.851107e-01    1.382171e-17
 3.913746e-01    1.360050e-17
 3.977403e-01    1.338283e-17
 4.042096e-01    1.316864e-17
 4.107841e-01    1.295788e-17
 4.174655e-01    1.275049e-17
 4.242556e-01    1.254642e-17
 4.311562e-01    1.234562e-17
 4.381690e-01    1.214803e-17
 4.452959e-01    1.195360e-17
 4.525386e-01    1.176229e-17
 4.598992e-01    1.157404e-17
 4.673795e-01    1.138880e-17
 4.749815e-01    1.120652e-17
 4.827071e-01    1.102716e-17
 4.905584e-01    1.085068e-17
 4.985373e-01    1.067701e-17
 5.066461e-01    1.050613e-17
 5.148867e-01    1.033798e-17
 5.232614e-01    1.017252e-17
 5.317723e-01    1.000972e-17
 5.404216e-01    9.849512e-18
 5.492116e-01    9.691873e-18
 5.581446e-01    9.536757e-18
 5.672229e-01    9.384123e-18
 5.764488e-01    9.233933e-18
 5.858248e-01    9.086146e-18
 5.953533e-01    8.940724e-18
 6.050368e-01    8.797630e-18
 6.148778e-01    8.656826e-18
 6.248788e-01    8.518275e-18
 6.350425e-01    8.381942e-18
 6.453715e-01    8.247791e-18
 6.558686e-01    8.115787e-18
 6.665363e-01    7.985896e-18
 6.773776e-01    7.858083e-18
 6.883952e-01    7.732317e-18
 6.995920e-01    7.608563e-18
 7.109709e-01    7.486789e-18
 7.225349e-01    7.366965e-18
 7.342870e-01    7.249058e-18
 7.462303e-01    7.133039e-18
 7.583678e-01    7.018876e-18
 7.707027e-01    6.906541e-18
 7.832383e-01    6.796003e-18
 7.959777e-01    6.687235e-18
 8.089243e-01    6.580207e-18
 8.220816e-01    6.474892e-18
 8.354528e-01    6.371263e-18
 8.490415e-01    6.269293e-18
 8.628513e-01    6.168954e-18
 8.768856e-01    6.070221e-18
 8.911482e-01    5.973069e-18
 9.056428e-01    5.877471e-18
 9.203732e-01    5.783404e-18
 9.353432e-01    5.690842e-18
 9.505566e-01    5.599761e-18
 9.660175e-01    5.510138e-18
 9.817298e-01    5.421950e-18
 9.976978e-01    5.335172e-18
 1.013925e+00    5.249784e-18
 1.030417e+00    5.165763e-18
 1.047177e+00    5.083086e-18
 1.064209e+00    5.001732e-18
 1.081519e+00    4.921681e-18
 1.099110e+00    4.842910e-18
 1.116987e+00    4.765401e-18
 1.135155e+00    4.689131e-18
 1.153618e+00    4.614083e-18
 1.172382e+00    4.540236e-18
 1.191451e+00    4.467570e-18
 1.210830e+00    4.396068e-18
 1.230524e+00    4.325710e-18
 1.250539e+00    4.256478e-18
 1.270879e+00    4.188354e-18
 1.291550e+00    4.121320e-18
 1.312557e+00    4.055359e-18
 1.333906e+00    3.990454e-18
 1.355602e+00    3.926588e-18
 1.377651e+00    3.863744e-18
 1.400058e+00    3.801905e-18
 1.422830e+00    3.741057e-18
 1.445973e+00    3.681182e-18
 1.469492e+00    3.622266e-18
 1.493393e+00    3.564292e-18
 1.517683e+00    3.507246e-18
 1.542369e+00    3.451114e-18
 1.567455e+00    3.395879e-18
 1.592950e+00    3.341529e-18
 1.618860e+00    3.288049e-18
 1.645191e+00    3.235424e-18
 1.671950e+00    3.183642e-18
 1.699144e+00    3.132689e-18
 1.726781e+00    3.082551e-18
 1.754867e+00    3.033215e-18
 1.783410e+00    2.984669e-18
 1.812418e+00    2.936900e-18
 1.841897e+00    2.889896e-18
 1.871855e+00    2.843644e-18
 1.902301e+00    2.798132e-18
 1.933242e+00    2.753348e-18
 1.964687e+00    2.709282e-18
 1.996642e+00    2.665920e-18
 2.029118e+00    2.623253e-18
 2.062122e+00    2.581268e-18
 2.095662e+00    2.539956e-18
 2.129749e+00    2.499304e-18
 2.164389e+00    2.459303e-18
 2.199593e+00    2.419943e-18
 2.235370e+00    2.381212e-18
 2.271728e+00    2.343102e-18
 2.308678e+00    2.305601e-18
 2.346229e+00    2.268700e-18
 2.384390e+00    2.232390e-18
 2.423173e+00    2.196661e-18
 2.462586e+00    2.161504e-18
 2.502640e+00    2.126910e-18
 2.543346e+00    2.092869e-18
 2.584714e+00    2.059373e-18
 2.626754e+00    2.026413e-18
 2.669478e+00    1.993981e-18
 2.712898e+00    1.962068e-18
 2.757023e+00    1.930665e-18
 2.801867e+00    1.899766e-18
 2.847439e+00    1.869360e-18
 2.893753e+00    1.839442e-18
 2.940820e+00    1.810002e-18
 2.988653e+00    1.781033e-18
 3.037264e+00    1.752528e-18
 3.086665e+00    1.724479e-18
 3.136870e+00    1.696879e-18
 3.187891e+00    1.669721e-18
 3.239743e+00    1.642998e-18
 3.292437e+00    1.616702e-18
 3.345989e+00    1.590827e-18
 3.400412e+00    1.565366e-18
 3.455720e+00    1.540313e-18
 3.511928e+00    1.515660e-18
 3.569049e+00    1.491403e-18
 3.627100e+00    1.467533e-18
 3.686095e+00    1.444046e-18
 3.746050e+00    1.420934e-18
 3.806980e+00    1.398192e-18
 3.868901e+00    1.375814e-18
 3.931829e+00    1.353795e-18
 3.995780e+00    1.332128e-18
 4.060772e+00    1.310807e-18
 4.126821e+00    1.289828e-18
 4.193944e+00    1.269185e-18
 4.262159e+00    1.248872e-18
 4.331483e+00    1.228884e-18
 4.401935e+00    1.209216e-18
 4.473533e+00    1.189863e-18
 4.546295e+00    1.170819e-18
 4.620241e+00    1.152080e-18
 4.695390e+00    1.133642e-18
 4.771761e+00    1.115498e-18
 4.849374e+00    1.097645e-18
 4.928250e+00    1.080077e-18
 5.008408e+00    1.062791e-18
 5.089870e+00    1.045781e-18
 5.172657e+00    1.029044e-18
 5.256791e+00    1.012574e-18
 5.342293e+00    9.963679e-19
 5.429186e+00    9.804213e-19
 5.517492e+00    9.647299e-19
 5.607235e+00    9.492896e-19
 5.698437e+00    9.340964e-19
 5.791123e+00    9.191464e-19
 5.885316e+00    9.044357e-19
 5.981041e+00    8.899604e-19
 6.078323e+00    8.757168e-19
 6.177188e+00    8.617011e-19
 6.277660e+00    8.479098e-19
 6.379767e+00    8.343392e-19
 6.483534e+00    8.209858e-19
 6.588990e+00    8.078461e-19
 6.696160e+00    7.949167e-19
 6.805074e+00    7.821943e-19
 6.915759e+00    7.696754e-19
 7.028244e+00    7.573570e-19
 7.142559e+00    7.452356e-19
 7.258734e+00    7.333083e-19
 7.376798e+00    7.215719e-19
 7.496782e+00    7.100233e-19
 7.618718e+00    6.986595e-19
 7.742637e+00    6.874776e-19
 7.868572e+00    6.764747e-19
 7.996555e+00    6.656479e-19
 8.126619e+00    6.549943e-19
 8.258799e+00    6.445113e-19
 8.393129e+00    6.341961e-19
 8.529644e+00    6.240459e-19
 8.668380e+00    6.140582e-19
 8.809372e+00    6.042303e-19
 8.952657e+00    5.945598e-19
 9.098273e+00    5.850440e-19
 9.246257e+00    5.756805e-19
 9.396648e+00    5.664668e-19
 9.549486e+00    5.574007e-19
 9.704809e+00    5.484796e-19
 9.862658e+00    5.397013e-19
 1.002308e+01    5.310635e-19
 1.018610e+01    5.225640e-19
 1.035178e+01    5.142004e-19
 1.052015e+01    5.059708e-19
 1.069126e+01    4.978728e-19
 1.086516e+01    4.899045e-19
 1.104188e+01    4.820637e-19
 1.122148e+01    4.743484e-19
 1.140400e+01    4.667565e-19
 1.158948e+01    4.592862e-19
 1.177799e+01    4.519354e-19
 1.196956e+01    4.447023e-19
 1.216424e+01    4.375850e-19
 1.236210e+01    4.305815e-19
 1.256317e+01    4.236901e-19
 1.276751e+01    4.169091e-19
 1.297517e+01    4.102365e-19
 1.318621e+01    4.036708e-19
 1.340069e+01    3.972101e-19
 1.361865e+01    3.908529e-19
 1.384016e+01    3.845974e-19
 1.406527e+01    3.784420e-19
 1.429405e+01    3.723851e-19
 1.452654e+01    3.664252e-19
 1.476281e+01    3.605606e-19
 1.500293e+01    3.547899e-19
 1.524696e+01    3.491116e-19
 1.549495e+01    3.435241e-19
 1.574698e+01    3.380261e-19
 1.600310e+01    3.326161e-19
 1.626340e+01    3.272926e-19
 1.652792e+01    3.220544e-19
 1.679675e+01    3.169000e-19
 1.706995e+01    3.118281e-19
 1.734759e+01    3.068373e-19
 1.762975e+01    3.019265e-19
 1.791650e+01    2.970942e-19
 1.820792e+01    2.923393e-19
 1.850407e+01    2.876605e-19
 1.880504e+01    2.830565e-19
 1.911091e+01    2.785263e-19
 1.942175e+01    2.740685e-19
 1.973764e+01    2.696821e-19
 2.005868e+01    2.653659e-19
 2.038493e+01    2.611188e-19
 2.071650e+01    2.569397e-19
 2.105345e+01    2.528274e-19
 2.139589e+01    2.487810e-19
 2.174389e+01    2.447993e-19
 2.209756e+01    2.408813e-19
 2.245698e+01    2.370261e-19
 2.282224e+01    2.332325e-19
 2.319345e+01    2.294997e-19
 2.357069e+01    2.258266e-19
 2.395407e+01    2.222123e-19
 2.434369e+01    2.186558e-19
 2.473964e+01    2.151563e-19
 2.514203e+01    2.117128e-19
 2.555097e+01    2.083244e-19
 2.596656e+01    2.049902e-19
 2.638891e+01    2.017094e-19
 2.681813e+01    1.984810e-19
 2.725433e+01    1.953044e-19
 2.769762e+01    1.921786e-19
 2.814812e+01    1.891028e-19
 2.860596e+01    1.860763e-19
 2.907123e+01    1.830982e-19
 2.954408e+01    1.801677e-19
 3.002462e+01    1.772842e-19
 3.051297e+01    1.744468e-19
 3.100927e+01    1.716548e-19
 3.151363e+01    1.689075e-19
 3.202621e+01    1.662042e-19
 3.254712e+01    1.635441e-19
 3.307650e+01    1.609266e-19
 3.361449e+01    1.583510e-19
 3.416123e+01    1.558167e-19
 3.471687e+01    1.533229e-19
 3.528154e+01    1.508690e-19
 3.585540e+01    1.484543e-19
 3.643859e+01    1.460784e-19
 3.703127e+01    1.437404e-19
 3.763358e+01    1.414399e-19
 3.824570e+01    1.391762e-19
 3.886777e+01    1.369487e-19
 3.949995e+01    1.347569e-19
 4.014242e+01    1.326001e-19
 4.079535e+01    1.304779e-19
 4.145888e+01    1.283896e-19
 4.213322e+01    1.263348e-19
 4.281852e+01    1.243128e-19
 4.351497e+01    1.223232e-19
 4.422274e+01    1.203654e-19
 4.494203e+01    1.184390e-19
 4.567301e+01    1.165434e-19
 4.641589e+01    1.146782e-19
 4.717085e+01    1.128428e-19
 4.793808e+01    1.110368e-19
 4.871780e+01    1.092596e-19
 4.951020e+01    1.075110e-19
 5.031549e+01    1.057903e-19
 5.113388e+01    1.040971e-19
 5.196557e+01    1.024311e-19
 5.281080e+01    1.007917e-19
 5.366977e+01    9.917854e-20
 5.454271e+01    9.759122e-20
 5.542986e+01    9.602929e-20
 5.633143e+01    9.449236e-20
 5.724766e+01    9.298003e-20
 5.817880e+01    9.149191e-20
 5.912508e+01    9.002760e-20
 6.008676e+01    8.858673e-20
 6.106408e+01    8.716892e-20
 6.205729e+01    8.577380e-20
 6.306666e+01    8.440101e-20
 6.409244e+01    8.305019e-20
 6.513491e+01    8.172100e-20
 6.619433e+01    8.041307e-20
 6.727099e+01    7.912608e-20
 6.836516e+01    7.785968e-20
 6.947713e+01    7.661356e-20
 7.060718e+01    7.538737e-20
 7.175561e+01    7.418082e-20
 7.292272e+01    7.299357e-20
 7.410882e+01    7.182532e-20
 7.531420e+01    7.067578e-20
 7.653919e+01    6.954463e-20
 7.778411e+01    6.843158e-20
 7.904928e+01    6.733635e-20
 8.033502e+01    6.625865e-20
 8.164168e+01    6.519819e-20
 8.296959e+01    6.415471e-20
 8.431909e+01    6.312793e-20
 8.569055e+01    6.211758e-20
 8.708431e+01    6.112340e-20
 8.850075e+01    6.014514e-20
 8.994022e+01    5.918253e-20
 9.140311e+01    5.823532e-20
 9.288979e+01    5.730328e-20
 9.440065e+01    5.638616e-20
 9.593608e+01    5.548371e-20
 9.749649e+01    5.459570e-20
 9.908228e+01    5.372191e-20
 1.006939e+02    5.286211e-20
 1.023317e+02    5.201606e-20
 1.039961e+02    5.118355e-20
 1.056876e+02    5.036437e-20
 1.074066e+02    4.955830e-20
 1.091536e+02    4.876513e-20
 1.109290e+02    4.798466e-20
 1.127333e+02    4.721668e-20
 1.145669e+02    4.646098e-20
 1.164303e+02    4.571739e-20
 1.183241e+02    4.498569e-20
 1.202486e+02    4.426570e-20
 1.222045e+02    4.355724e-20
 1.241921e+02    4.286012e-20
 1.262121e+02    4.217415e-20
 1.282650e+02    4.149916e-20
 1.303512e+02    4.083498e-20
 1.324714e+02    4.018143e-20
 1.346261e+02    3.953833e-20
 1.368158e+02    3.890553e-20
 1.390411e+02    3.828286e-20
 1.413026e+02    3.767015e-20
 1.436009e+02    3.706724e-20
 1.459366e+02    3.647399e-20
 1.483103e+02    3.589023e-20
 1.507225e+02    3.531582e-20
 1.531740e+02    3.475060e-20
 1.556654e+02    3.419442e-20
 1.581973e+02    3.364715e-20
 1.607704e+02    3.310863e-20
 1.633854e+02    3.257874e-20
 1.660429e+02    3.205732e-20
 1.687436e+02    3.154425e-20
 1.714882e+02    3.103939e-20
 1.742775e+02    3.054262e-20
 1.771121e+02    3.005379e-20
 1.799929e+02    2.957278e-20
 1.829205e+02    2.909948e-20
 1.858957e+02    2.863375e-20
 1.889193e+02    2.817547e-20
 1.919921e+02    2.772453e-20
 1.951148e+02    2.728080e-20
 1.982884e+02    2.684418e-20
 2.015136e+02    2.641455e-20
 2.047912e+02    2.599179e-20
 2.081222e+02    2.557580e-20
 2.115073e+02    2.516646e-20
 2.149475e+02    2.476368e-20
 2.184436e+02    2.436734e-20
 2.219966e+02    2.397735e-20
 2.256074e+02    2.359359e-20
 2.292769e+02    2.321598e-20
 2.330061e+02    2.284442e-20
 2.367960e+02    2.247880e-20
 2.406475e+02    2.211903e-20
 2.445617e+02    2.176502e-20
 2.485395e+02    2.141668e-20
 2.525820e+02    2.107391e-20
 2.566903e+02    2.073662e-20
 2.608654e+02    2.040474e-20
 2.651084e+02    2.007817e-20
 2.694204e+02    1.975682e-20
 2.738025e+02    1.944062e-20
 2.782559e+02    1.912947e-20
 2.827818e+02    1.882331e-20
 2.873813e+02    1.852205e-20
 2.920556e+02    1.822561e-20
 2.968059e+02    1.793391e-20
 3.016334e+02    1.764688e-20
 3.065395e+02    1.736445e-20
 3.115254e+02    1.708653e-20
 3.165924e+02    1.681307e-20
 3.217418e+02    1.654398e-20
 3.269750e+02    1.627920e-20
 3.322933e+02    1.601865e-20
 3.376980e+02    1.576228e-20
 3.431907e+02    1.551000e-20
 3.487727e+02    1.526177e-20
 3.544456e+02    1.501751e-20
 3.602107e+02    1.477716e-20
 3.660695e+02    1.454065e-20
 3.720237e+02    1.430793e-20
 3.780747e+02    1.407894e-20
 3.842241e+02    1.385361e-20
 3.904735e+02    1.363188e-20
 3.968246e+02    1.341371e-20
 4.032790e+02    1.319903e-20
 4.098384e+02    1.298778e-20
 4.165044e+02    1.277991e-20
 4.232789e+02    1.257537e-20
 4.301636e+02    1.237411e-20
 4.371602e+02    1.217606e-20
 4.442707e+02    1.198119e-20
 4.514968e+02    1.178943e-20
 4.588404e+02    1.160074e-20
 4.663035e+02    1.141508e-20
 4.738880e+02    1.123238e-20
 4.815958e+02    1.105261e-20
 4.894290e+02    1.087571e-20
 4.973896e+02    1.070165e-20
 5.054797e+02    1.053037e-20
 5.137014e+02    1.036184e-20
 5.220568e+02    1.019600e-20
 5.305481e+02    1.003281e-20
 5.391775e+02    9.872241e-21
 5.479472e+02    9.714238e-21
 5.568596e+02    9.558764e-21
 5.659170e+02    9.405778e-21
 5.751217e+02    9.255240e-21
 5.844761e+02    9.107112e-21
 5.939827e+02    8.961355e-21
 6.036439e+02    8.817931e-21
 6.134622e+02    8.676802e-21
 6.234402e+02    8.537932e-21
 6.335805e+02    8.401284e-21
 6.438857e+02    8.266823e-21
 6.543586e+02    8.134515e-21
 6.650018e+02    8.004324e-21
 6.758181e+02    7.876216e-21
 6.868104e+02    7.750159e-21
 6.979814e+02    7.626120e-21
 7.093341e+02    7.504065e-21
 7.208715e+02    7.383965e-21
 7.325965e+02    7.265786e-21
 7.445123e+02    7.149499e-21
 7.566219e+02    7.035073e-21
 7.689284e+02    6.922478e-21
 7.814351e+02    6.811685e-21
 7.941452e+02    6.702666e-21
 8.070620e+02    6.595391e-21
 8.201889e+02    6.489833e-21
 8.335294e+02    6.385965e-21
 8.470868e+02    6.283759e-21
 8.608648e+02    6.183189e-21
 8.748668e+02    6.084229e-21
 8.890966e+02    5.986852e-21
 9.035578e+02    5.891034e-21
 9.182543e+02    5.796749e-21
 9.331898e+02    5.703973e-21
 9.483682e+02    5.612683e-21
 9.637935e+02    5.522853e-21
 9.794697e+02    5.434461e-21
 9.954008e+02    5.347484e-21
 1.011591e+03    5.261898e-21
 1.028045e+03    5.177683e-21
 1.044766e+03    5.094815e-21
 1.061759e+03    5.013274e-21
 1.079029e+03    4.933038e-21
 1.096579e+03    4.854086e-21
 1.114415e+03    4.776397e-21
 1.132541e+03    4.699952e-21
 1.150962e+03    4.624730e-21
 1.169683e+03    4.550712e-21
 1.188708e+03    4.477879e-21
 1.208042e+03    4.406212e-21
 1.227691e+03    4.335692e-21
 1.247660e+03    4.266300e-21
 1.267953e+03    4.198019e-21
 1.288576e+03    4.130830e-21
 1.309535e+03    4.064717e-21
 1.330835e+03    3.999662e-21
 1.352481e+03    3.935649e-21
 1.374479e+03    3.872660e-21
 1.396835e+03    3.810679e-21
 1.419555e+03    3.749690e-21
 1.442644e+03    3.689677e-21
 1.466109e+03    3.630624e-21
 1.489955e+03    3.572517e-21
 1.514189e+03    3.515340e-21
 1.538818e+03    3.459077e-21
 1.563847e+03    3.403716e-21
 1.589283e+03    3.349240e-21
 1.615133e+03    3.295636e-21
 1.641403e+03    3.242890e-21
 1.668101e+03    3.190989e-21
 1.695232e+03    3.139917e-21
 1.722805e+03    3.089664e-21
 1.750827e+03    3.040214e-21
 1.779304e+03    2.991557e-21
 1.808245e+03    2.943677e-21
 1.837656e+03    2.896564e-21
 1.867546e+03    2.850206e-21
 1.897922e+03    2.804589e-21
 1.928792e+03    2.759702e-21
 1.960163e+03    2.715534e-21
 1.992046e+03    2.672072e-21
 2.024447e+03    2.629306e-21
 2.057374e+03    2.587225e-21
 2.090838e+03    2.545817e-21
 2.124845e+03    2.505072e-21
 2.159406e+03    2.464978e-21
 2.194529e+03    2.425527e-21
 2.230223e+03    2.386707e-21
 2.266498e+03    2.348508e-21
 2.303363e+03    2.310921e-21
 2.340827e+03    2.273935e-21
 2.378901e+03    2.237541e-21
 2.417594e+03    2.201730e-21
 2.456916e+03    2.166492e-21
 2.496878e+03    2.131818e-21
 2.537490e+03    2.097698e-21
 2.578763e+03    2.064125e-21
 2.620707e+03    2.031089e-21
 2.663333e+03    1.998582e-21
 2.706652e+03    1.966595e-21
 2.750676e+03    1.935121e-21
 2.795416e+03    1.904149e-21
 2.840884e+03    1.873674e-21
 2.887091e+03    1.843686e-21
 2.934050e+03    1.814178e-21
 2.981772e+03    1.785143e-21
 3.030271e+03    1.756572e-21
 3.079559e+03    1.728459e-21
 3.129648e+03    1.700795e-21
 3.180552e+03    1.673574e-21
 3.232284e+03    1.646789e-21
 3.284857e+03    1.620433e-21
 3.338286e+03    1.594498e-21
 3.392583e+03    1.568978e-21
 3.447764e+03    1.543867e-21
 3.503842e+03    1.519158e-21
 3.560833e+03    1.494844e-21
 3.618750e+03    1.470919e-21
 3.677609e+03    1.447378e-21
 3.737426e+03    1.424213e-21
 3.798215e+03    1.401419e-21
 3.859994e+03    1.378989e-21
 3.922777e+03    1.356919e-21
 3.986581e+03    1.335202e-21
 4.051423e+03    1.313832e-21
 4.117320e+03    1.292804e-21
 4.184289e+03    1.272113e-21
 4.252346e+03    1.251754e-21
 4.321511e+03    1.231720e-21
 4.391801e+03    1.212006e-21
 4.463234e+03    1.192608e-21
 4.535829e+03    1.173521e-21
 4.609604e+03    1.154739e-21
 4.684580e+03    1.136258e-21
 4.760775e+03    1.118072e-21
 4.838210e+03    1.100178e-21
 4.916904e+03    1.082569e-21
 4.996877e+03    1.065243e-21
 5.078152e+03    1.048194e-21
 5.160749e+03    1.031418e-21
 5.244689e+03    1.014910e-21
 5.329994e+03    9.986671e-22
 5.416687e+03    9.826836e-22
 5.504790e+03    9.669560e-22
 5.594326e+03    9.514801e-22
 5.685318e+03    9.362519e-22
 5.777790e+03    9.212674e-22
 5.871766e+03    9.065227e-22
 5.967271e+03    8.920140e-22
 6.064329e+03    8.777376e-22
 6.162966e+03    8.636896e-22
 6.263207e+03    8.498664e-22
 6.365079e+03    8.362645e-22
 6.468608e+03    8.228803e-22
 6.573820e+03    8.097103e-22
 6.680744e+03    7.967510e-22
 6.789407e+03    7.839992e-22
 6.899837e+03    7.714515e-22
 7.012064e+03    7.591046e-22
 7.126115e+03    7.469553e-22
 7.242022e+03    7.350004e-22
 7.359814e+03    7.232369e-22
 7.479523e+03    7.116617e-22
 7.601178e+03    7.002717e-22
 7.724811e+03    6.890640e-22
 7.850456e+03    6.780357e-22
 7.978145e+03    6.671839e-22
 8.107910e+03    6.565058e-22
 8.239786e+03    6.459986e-22
 8.373807e+03    6.356595e-22
 8.510007e+03    6.254859e-22
 8.648423e+03    6.154752e-22
 8.789091e+03    6.056246e-22
 8.932046e+03    5.959317e-22
 9.077327e+03    5.863940e-22
 9.224970e+03    5.770089e-22
 9.375015e+03    5.677740e-22
 9.527500e+03    5.586869e-22
 9.682466e+03    5.497452e-22
 9.839952e+03    5.409467e-22
 1.000000e+04    5.322890e-22
-----------------------------
