**************************************************************************************************************


SPECIES :  I_2^+ / I2
PROCESS:  I_2^+ + I2 -> I_2 + I2^+, Backscat
PARAM.:   delta E = 0.00
COMMENT:  fit from fig 2 in Hause et al (2015) in the center of mass, overestimated as a small contribution from fragmentation is included
UPDATED:  10/31/22
COLUMNS: Energy (eV) | Cross section (m2)
-----------------------------
 1.000000e-03    3.441951e-17
 1.016265e-03    3.414296e-17
 1.032795e-03    3.386863e-17
 1.049593e-03    3.359651e-17
 1.066665e-03    3.332657e-17
 1.084014e-03    3.305880e-17
 1.101646e-03    3.279319e-17
 1.119564e-03    3.252970e-17
 1.137774e-03    3.226834e-17
 1.156280e-03    3.200907e-17
 1.175087e-03    3.175189e-17
 1.194200e-03    3.149677e-17
 1.213624e-03    3.124371e-17
 1.233363e-03    3.099268e-17
 1.253424e-03    3.074366e-17
 1.273811e-03    3.049665e-17
 1.294530e-03    3.025162e-17
 1.315586e-03    3.000855e-17
 1.336984e-03    2.976745e-17
 1.358730e-03    2.952827e-17
 1.380830e-03    2.929102e-17
 1.403289e-03    2.905568e-17
 1.426114e-03    2.882223e-17
 1.449310e-03    2.859065e-17
 1.472883e-03    2.836093e-17
 1.496839e-03    2.813306e-17
 1.521186e-03    2.790702e-17
 1.545928e-03    2.768280e-17
 1.571072e-03    2.746038e-17
 1.596626e-03    2.723974e-17
 1.622595e-03    2.702088e-17
 1.648987e-03    2.680378e-17
 1.675808e-03    2.658842e-17
 1.703065e-03    2.637479e-17
 1.730766e-03    2.616288e-17
 1.758917e-03    2.595267e-17
 1.787526e-03    2.574415e-17
 1.816600e-03    2.553730e-17
 1.846147e-03    2.533212e-17
 1.876175e-03    2.512858e-17
 1.906691e-03    2.492668e-17
 1.937703e-03    2.472641e-17
 1.969220e-03    2.452774e-17
 2.001250e-03    2.433066e-17
 2.033800e-03    2.413518e-17
 2.066880e-03    2.394126e-17
 2.100498e-03    2.374890e-17
 2.134663e-03    2.355808e-17
 2.169384e-03    2.336880e-17
 2.204669e-03    2.318104e-17
 2.240528e-03    2.299479e-17
 2.276970e-03    2.281003e-17
 2.314005e-03    2.262676e-17
 2.351643e-03    2.244497e-17
 2.389893e-03    2.226463e-17
 2.428764e-03    2.208574e-17
 2.468268e-03    2.190829e-17
 2.508415e-03    2.173226e-17
 2.549215e-03    2.155765e-17
 2.590678e-03    2.138444e-17
 2.632815e-03    2.121263e-17
 2.675638e-03    2.104219e-17
 2.719158e-03    2.087312e-17
 2.763385e-03    2.070541e-17
 2.808332e-03    2.053905e-17
 2.854010e-03    2.037403e-17
 2.900430e-03    2.021033e-17
 2.947606e-03    2.004795e-17
 2.995549e-03    1.988687e-17
 3.044272e-03    1.972708e-17
 3.093788e-03    1.956858e-17
 3.144108e-03    1.941136e-17
 3.195248e-03    1.925539e-17
 3.247218e-03    1.910068e-17
 3.300035e-03    1.894721e-17
 3.353710e-03    1.879498e-17
 3.408259e-03    1.864397e-17
 3.463694e-03    1.849417e-17
 3.520031e-03    1.834558e-17
 3.577285e-03    1.819818e-17
 3.635470e-03    1.805196e-17
 3.694601e-03    1.790692e-17
 3.754694e-03    1.776304e-17
 3.815765e-03    1.762032e-17
 3.877828e-03    1.747875e-17
 3.940902e-03    1.733831e-17
 4.005001e-03    1.719901e-17
 4.070142e-03    1.706082e-17
 4.136344e-03    1.692374e-17
 4.203622e-03    1.678776e-17
 4.271994e-03    1.665288e-17
 4.341478e-03    1.651908e-17
 4.412093e-03    1.638635e-17
 4.483856e-03    1.625469e-17
 4.556786e-03    1.612409e-17
 4.630903e-03    1.599454e-17
 4.706225e-03    1.586603e-17
 4.782772e-03    1.573855e-17
 4.860564e-03    1.561210e-17
 4.939622e-03    1.548666e-17
 5.019965e-03    1.536223e-17
 5.101615e-03    1.523880e-17
 5.184594e-03    1.511636e-17
 5.268921e-03    1.499491e-17
 5.354621e-03    1.487443e-17
 5.441714e-03    1.475492e-17
 5.530224e-03    1.463637e-17
 5.620174e-03    1.451877e-17
 5.711586e-03    1.440211e-17
 5.804486e-03    1.428640e-17
 5.898896e-03    1.417161e-17
 5.994843e-03    1.405775e-17
 6.092349e-03    1.394480e-17
 6.191442e-03    1.383276e-17
 6.292146e-03    1.372161e-17
 6.394488e-03    1.361137e-17
 6.498495e-03    1.350200e-17
 6.604194e-03    1.339352e-17
 6.711612e-03    1.328591e-17
 6.820777e-03    1.317916e-17
 6.931717e-03    1.307327e-17
 7.044462e-03    1.296823e-17
 7.159041e-03    1.286403e-17
 7.275484e-03    1.276068e-17
 7.393820e-03    1.265815e-17
 7.514081e-03    1.255644e-17
 7.636298e-03    1.245556e-17
 7.760503e-03    1.235548e-17
 7.886729e-03    1.225621e-17
 8.015007e-03    1.215774e-17
 8.145372e-03    1.206005e-17
 8.277857e-03    1.196315e-17
 8.412497e-03    1.186703e-17
 8.549327e-03    1.177169e-17
 8.688383e-03    1.167710e-17
 8.829700e-03    1.158328e-17
 8.973316e-03    1.149021e-17
 9.119268e-03    1.139789e-17
 9.267593e-03    1.130632e-17
 9.418332e-03    1.121547e-17
 9.571522e-03    1.112536e-17
 9.727203e-03    1.103597e-17
 9.885417e-03    1.094730e-17
 1.004620e-02    1.085934e-17
 1.020961e-02    1.077209e-17
 1.037567e-02    1.068554e-17
 1.054443e-02    1.059969e-17
 1.071593e-02    1.051452e-17
 1.089023e-02    1.043004e-17
 1.106736e-02    1.034624e-17
 1.124737e-02    1.026311e-17
 1.143031e-02    1.018065e-17
 1.161623e-02    1.009885e-17
 1.180517e-02    1.001771e-17
 1.199718e-02    9.937224e-18
 1.219231e-02    9.857382e-18
 1.239062e-02    9.778181e-18
 1.259216e-02    9.699617e-18
 1.279697e-02    9.621684e-18
 1.300511e-02    9.544377e-18
 1.321664e-02    9.467691e-18
 1.343161e-02    9.391621e-18
 1.365008e-02    9.316163e-18
 1.387210e-02    9.241310e-18
 1.409773e-02    9.167060e-18
 1.432703e-02    9.093405e-18
 1.456006e-02    9.020343e-18
 1.479688e-02    8.947867e-18
 1.503755e-02    8.875974e-18
 1.528214e-02    8.804659e-18
 1.553071e-02    8.733916e-18
 1.578331e-02    8.663742e-18
 1.604003e-02    8.594132e-18
 1.630092e-02    8.525081e-18
 1.656606e-02    8.456585e-18
 1.683551e-02    8.388639e-18
 1.710934e-02    8.321239e-18
 1.738762e-02    8.254381e-18
 1.767044e-02    8.188060e-18
 1.795785e-02    8.122271e-18
 1.824993e-02    8.057012e-18
 1.854677e-02    7.992276e-18
 1.884843e-02    7.928061e-18
 1.915501e-02    7.864362e-18
 1.946656e-02    7.801174e-18
 1.978319e-02    7.738494e-18
 2.010496e-02    7.676318e-18
 2.043197e-02    7.614642e-18
 2.076430e-02    7.553461e-18
 2.110203e-02    7.492771e-18
 2.144526e-02    7.432569e-18
 2.179407e-02    7.372851e-18
 2.214855e-02    7.313613e-18
 2.250880e-02    7.254850e-18
 2.287491e-02    7.196560e-18
 2.324697e-02    7.138738e-18
 2.362508e-02    7.081381e-18
 2.400935e-02    7.024484e-18
 2.439986e-02    6.968045e-18
 2.479673e-02    6.912059e-18
 2.520005e-02    6.856523e-18
 2.560993e-02    6.801433e-18
 2.602648e-02    6.746786e-18
 2.644980e-02    6.692578e-18
 2.688001e-02    6.638805e-18
 2.731722e-02    6.585464e-18
 2.776153e-02    6.532552e-18
 2.821308e-02    6.480066e-18
 2.867196e-02    6.428000e-18
 2.913832e-02    6.376354e-18
 2.961225e-02    6.325122e-18
 3.009390e-02    6.274302e-18
 3.058338e-02    6.223890e-18
 3.108082e-02    6.173883e-18
 3.158635e-02    6.124278e-18
 3.210011e-02    6.075071e-18
 3.262222e-02    6.026260e-18
 3.315282e-02    5.977841e-18
 3.369206e-02    5.929811e-18
 3.424006e-02    5.882167e-18
 3.479698e-02    5.834906e-18
 3.536296e-02    5.788024e-18
 3.593814e-02    5.741520e-18
 3.652267e-02    5.695388e-18
 3.711672e-02    5.649628e-18
 3.772042e-02    5.604235e-18
 3.833395e-02    5.559207e-18
 3.895746e-02    5.514540e-18
 3.959110e-02    5.470233e-18
 4.023506e-02    5.426282e-18
 4.088948e-02    5.382683e-18
 4.155455e-02    5.339435e-18
 4.223044e-02    5.296535e-18
 4.291732e-02    5.253979e-18
 4.361538e-02    5.211765e-18
 4.432479e-02    5.169890e-18
 4.504573e-02    5.128352e-18
 4.577841e-02    5.087147e-18
 4.652300e-02    5.046274e-18
 4.727970e-02    5.005728e-18
 4.804870e-02    4.965509e-18
 4.883022e-02    4.925613e-18
 4.962445e-02    4.886037e-18
 5.043159e-02    4.846780e-18
 5.125187e-02    4.807837e-18
 5.208549e-02    4.769208e-18
 5.293266e-02    4.730889e-18
 5.379362e-02    4.692878e-18
 5.466857e-02    4.655172e-18
 5.555776e-02    4.617770e-18
 5.646141e-02    4.580667e-18
 5.737976e-02    4.543863e-18
 5.831305e-02    4.507355e-18
 5.926152e-02    4.471140e-18
 6.022541e-02    4.435216e-18
 6.120498e-02    4.399580e-18
 6.220049e-02    4.364231e-18
 6.321218e-02    4.329166e-18
 6.424034e-02    4.294382e-18
 6.528521e-02    4.259879e-18
 6.634708e-02    4.225652e-18
 6.742622e-02    4.191700e-18
 6.852292e-02    4.158021e-18
 6.963745e-02    4.124613e-18
 7.077011e-02    4.091473e-18
 7.192119e-02    4.058599e-18
 7.309099e-02    4.025990e-18
 7.427982e-02    3.993643e-18
 7.548799e-02    3.961555e-18
 7.671581e-02    3.929725e-18
 7.796360e-02    3.898151e-18
 7.923169e-02    3.866831e-18
 8.052040e-02    3.835762e-18
 8.183007e-02    3.804943e-18
 8.316104e-02    3.774372e-18
 8.451366e-02    3.744046e-18
 8.588829e-02    3.713964e-18
 8.728527e-02    3.684123e-18
 8.870497e-02    3.654523e-18
 9.014776e-02    3.625160e-18
 9.161402e-02    3.596033e-18
 9.310413e-02    3.567140e-18
 9.461848e-02    3.538479e-18
 9.615746e-02    3.510049e-18
 9.772147e-02    3.481847e-18
 9.931092e-02    3.453871e-18
 1.009262e-01    3.426120e-18
 1.025678e-01    3.398593e-18
 1.042361e-01    3.371286e-18
 1.059315e-01    3.344199e-18
 1.076545e-01    3.317329e-18
 1.094055e-01    3.290676e-18
 1.111850e-01    3.264236e-18
 1.129934e-01    3.238009e-18
 1.148312e-01    3.211993e-18
 1.166990e-01    3.186186e-18
 1.185971e-01    3.160586e-18
 1.205261e-01    3.135192e-18
 1.224865e-01    3.110001e-18
 1.244787e-01    3.085014e-18
 1.265034e-01    3.060227e-18
 1.285610e-01    3.035639e-18
 1.306520e-01    3.011248e-18
 1.327771e-01    2.987054e-18
 1.349367e-01    2.963054e-18
 1.371315e-01    2.939247e-18
 1.393619e-01    2.915631e-18
 1.416287e-01    2.892205e-18
 1.439323e-01    2.868967e-18
 1.462733e-01    2.845916e-18
 1.486525e-01    2.823050e-18
 1.510703e-01    2.800368e-18
 1.535275e-01    2.777868e-18
 1.560246e-01    2.755548e-18
 1.585624e-01    2.733408e-18
 1.611414e-01    2.711446e-18
 1.637624e-01    2.689661e-18
 1.664260e-01    2.668050e-18
 1.691330e-01    2.646613e-18
 1.718839e-01    2.625349e-18
 1.746796e-01    2.604255e-18
 1.775208e-01    2.583331e-18
 1.804082e-01    2.562574e-18
 1.833425e-01    2.541985e-18
 1.863246e-01    2.521561e-18
 1.893552e-01    2.501301e-18
 1.924351e-01    2.481204e-18
 1.955651e-01    2.461268e-18
 1.987460e-01    2.441493e-18
 2.019786e-01    2.421876e-18
 2.052638e-01    2.402417e-18
 2.086024e-01    2.383115e-18
 2.119953e-01    2.363967e-18
 2.154435e-01    2.344974e-18
 2.189477e-01    2.326133e-18
 2.225089e-01    2.307443e-18
 2.261280e-01    2.288903e-18
 2.298060e-01    2.270513e-18
 2.335438e-01    2.252270e-18
 2.373424e-01    2.234174e-18
 2.412028e-01    2.216223e-18
 2.451260e-01    2.198416e-18
 2.491130e-01    2.180753e-18
 2.531648e-01    2.163231e-18
 2.572826e-01    2.145850e-18
 2.614673e-01    2.128609e-18
 2.657201e-01    2.111506e-18
 2.700421e-01    2.094541e-18
 2.744343e-01    2.077712e-18
 2.788980e-01    2.061019e-18
 2.834343e-01    2.044459e-18
 2.880444e-01    2.028032e-18
 2.927295e-01    2.011738e-18
 2.974908e-01    1.995574e-18
 3.023295e-01    1.979540e-18
 3.072469e-01    1.963636e-18
 3.122443e-01    1.947858e-18
 3.173230e-01    1.932208e-18
 3.224842e-01    1.916683e-18
 3.277295e-01    1.901283e-18
 3.330600e-01    1.886007e-18
 3.384773e-01    1.870854e-18
 3.439826e-01    1.855822e-18
 3.495776e-01    1.840911e-18
 3.552635e-01    1.826120e-18
 3.610419e-01    1.811448e-18
 3.669142e-01    1.796894e-18
 3.728821e-01    1.782456e-18
 3.789471e-01    1.768135e-18
 3.851107e-01    1.753928e-18
 3.913746e-01    1.739836e-18
 3.977403e-01    1.725857e-18
 4.042096e-01    1.711990e-18
 4.107841e-01    1.698235e-18
 4.174655e-01    1.684590e-18
 4.242556e-01    1.671055e-18
 4.311562e-01    1.657629e-18
 4.381690e-01    1.644310e-18
 4.452959e-01    1.631099e-18
 4.525386e-01    1.617994e-18
 4.598992e-01    1.604994e-18
 4.673795e-01    1.592098e-18
 4.749815e-01    1.579306e-18
 4.827071e-01    1.566617e-18
 4.905584e-01    1.554030e-18
 4.985373e-01    1.541543e-18
 5.066461e-01    1.529158e-18
 5.148867e-01    1.516871e-18
 5.232614e-01    1.504684e-18
 5.317723e-01    1.492594e-18
 5.404216e-01    1.480602e-18
 5.492116e-01    1.468706e-18
 5.581446e-01    1.456905e-18
 5.672229e-01    1.445199e-18
 5.764488e-01    1.433588e-18
 5.858248e-01    1.422069e-18
 5.953533e-01    1.410643e-18
 6.050368e-01    1.399309e-18
 6.148778e-01    1.388066e-18
 6.248788e-01    1.376914e-18
 6.350425e-01    1.365851e-18
 6.453715e-01    1.354877e-18
 6.558686e-01    1.343991e-18
 6.665363e-01    1.333192e-18
 6.773776e-01    1.322480e-18
 6.883952e-01    1.311855e-18
 6.995920e-01    1.301314e-18
 7.109709e-01    1.290859e-18
 7.225349e-01    1.280487e-18
 7.342870e-01    1.270199e-18
 7.462303e-01    1.259993e-18
 7.583678e-01    1.249870e-18
 7.707027e-01    1.239827e-18
 7.832383e-01    1.229866e-18
 7.959777e-01    1.219984e-18
 8.089243e-01    1.210182e-18
 8.220816e-01    1.200459e-18
 8.354528e-01    1.190813e-18
 8.490415e-01    1.181245e-18
 8.628513e-01    1.171755e-18
 8.768856e-01    1.162340e-18
 8.911482e-01    1.153001e-18
 9.056428e-01    1.143737e-18
 9.203732e-01    1.134547e-18
 9.353432e-01    1.125432e-18
 9.505566e-01    1.116389e-18
 9.660175e-01    1.107419e-18
 9.817298e-01    1.098522e-18
 9.976978e-01    1.089695e-18
 1.013925e+00    1.080940e-18
 1.030417e+00    1.072255e-18
 1.047177e+00    1.063640e-18
 1.064209e+00    1.055094e-18
 1.081519e+00    1.046617e-18
 1.099110e+00    1.038207e-18
 1.116987e+00    1.029866e-18
 1.135155e+00    1.021591e-18
 1.153618e+00    1.013383e-18
 1.172382e+00    1.005241e-18
 1.191451e+00    9.971640e-19
 1.210830e+00    9.891521e-19
 1.230524e+00    9.812046e-19
 1.250539e+00    9.733210e-19
 1.270879e+00    9.655007e-19
 1.291550e+00    9.577432e-19
 1.312557e+00    9.500480e-19
 1.333906e+00    9.424147e-19
 1.355602e+00    9.348427e-19
 1.377651e+00    9.273316e-19
 1.400058e+00    9.198808e-19
 1.422830e+00    9.124899e-19
 1.445973e+00    9.051583e-19
 1.469492e+00    8.978857e-19
 1.493393e+00    8.906715e-19
 1.517683e+00    8.835152e-19
 1.542369e+00    8.764165e-19
 1.567455e+00    8.693748e-19
 1.592950e+00    8.623896e-19
 1.618860e+00    8.554606e-19
 1.645191e+00    8.485873e-19
 1.671950e+00    8.417692e-19
 1.699144e+00    8.350058e-19
 1.726781e+00    8.282968e-19
 1.754867e+00    8.216418e-19
 1.783410e+00    8.150401e-19
 1.812418e+00    8.084916e-19
 1.841897e+00    8.019956e-19
 1.871855e+00    7.955518e-19
 1.902301e+00    7.891599e-19
 1.933242e+00    7.828192e-19
 1.964687e+00    7.765295e-19
 1.996642e+00    7.702904e-19
 2.029118e+00    7.641014e-19
 2.062122e+00    7.579621e-19
 2.095662e+00    7.518721e-19
 2.129749e+00    7.458311e-19
 2.164389e+00    7.398386e-19
 2.199593e+00    7.338942e-19
 2.235370e+00    7.279976e-19
 2.271728e+00    7.221484e-19
 2.308678e+00    7.163462e-19
 2.346229e+00    7.105906e-19
 2.384390e+00    7.048812e-19
 2.423173e+00    6.992177e-19
 2.462586e+00    6.935998e-19
 2.502640e+00    6.880269e-19
 2.543346e+00    6.824988e-19
 2.584714e+00    6.770152e-19
 2.626754e+00    6.715756e-19
 2.669478e+00    6.661797e-19
 2.712898e+00    6.608272e-19
 2.757023e+00    6.555177e-19
 2.801867e+00    6.565766e-19
 2.847439e+00    6.563664e-19
 2.893753e+00    6.561562e-19
 2.940820e+00    6.559459e-19
 2.988653e+00    6.557357e-19
 3.037264e+00    6.555255e-19
 3.086665e+00    6.553153e-19
 3.136870e+00    6.551051e-19
 3.187891e+00    6.548949e-19
 3.239743e+00    6.546847e-19
 3.292437e+00    6.544745e-19
 3.345989e+00    6.542643e-19
 3.400412e+00    6.540541e-19
 3.455720e+00    6.538438e-19
 3.511928e+00    6.536336e-19
 3.569049e+00    6.534234e-19
 3.627100e+00    6.532132e-19
 3.686095e+00    6.530030e-19
 3.746050e+00    6.527928e-19
 3.806980e+00    6.525826e-19
 3.868901e+00    6.523724e-19
 3.931829e+00    6.521622e-19
 3.995780e+00    6.519520e-19
 4.060772e+00    6.517417e-19
 4.126821e+00    6.515315e-19
 4.193944e+00    6.513213e-19
 4.262159e+00    6.511111e-19
 4.331483e+00    6.509009e-19
 4.401935e+00    6.506907e-19
 4.473533e+00    6.504805e-19
 4.546295e+00    6.502703e-19
 4.620241e+00    6.500601e-19
 4.695390e+00    6.498498e-19
 4.771761e+00    6.496396e-19
 4.849374e+00    6.494294e-19
 4.928250e+00    6.492192e-19
 5.008408e+00    6.490090e-19
 5.089870e+00    6.487988e-19
 5.172657e+00    6.485886e-19
 5.256791e+00    6.483784e-19
 5.342293e+00    6.481682e-19
 5.429186e+00    6.479580e-19
 5.517492e+00    6.477477e-19
 5.607235e+00    6.475375e-19
 5.698437e+00    6.473273e-19
 5.791123e+00    6.471171e-19
 5.885316e+00    6.469069e-19
 5.981041e+00    6.466967e-19
 6.078323e+00    6.464865e-19
 6.177188e+00    6.462763e-19
 6.277660e+00    6.460661e-19
 6.379767e+00    6.458559e-19
 6.483534e+00    6.456456e-19
 6.588990e+00    6.454354e-19
 6.696160e+00    6.452252e-19
 6.805074e+00    6.450150e-19
 6.915759e+00    6.448048e-19
 7.028244e+00    6.445946e-19
 7.142559e+00    6.443844e-19
 7.258734e+00    6.441742e-19
 7.376798e+00    6.439640e-19
 7.496782e+00    6.437538e-19
 7.618718e+00    6.435435e-19
 7.742637e+00    6.433333e-19
 7.868572e+00    6.431231e-19
 7.996555e+00    6.429129e-19
 8.126619e+00    6.427027e-19
 8.258799e+00    6.424925e-19
 8.393129e+00    6.422823e-19
 8.529644e+00    6.420721e-19
 8.668380e+00    6.418619e-19
 8.809372e+00    6.416517e-19
 8.952657e+00    6.414414e-19
 9.098273e+00    6.412312e-19
 9.246257e+00    6.410210e-19
 9.396648e+00    6.408108e-19
 9.549486e+00    6.406006e-19
 9.704809e+00    6.403904e-19
 9.862658e+00    6.401802e-19
 1.002308e+01    6.399700e-19
 1.018610e+01    6.397598e-19
 1.035178e+01    6.395495e-19
 1.052015e+01    6.393393e-19
 1.069126e+01    6.391291e-19
 1.086516e+01    6.389189e-19
 1.104188e+01    6.387087e-19
 1.122148e+01    6.384985e-19
 1.140400e+01    6.382883e-19
 1.158948e+01    6.380781e-19
 1.177799e+01    6.378679e-19
 1.196956e+01    6.376577e-19
 1.216424e+01    6.374474e-19
 1.236210e+01    6.372372e-19
 1.256317e+01    6.370270e-19
 1.276751e+01    6.368168e-19
 1.297517e+01    6.366066e-19
 1.318621e+01    6.363964e-19
 1.340069e+01    6.361862e-19
 1.361865e+01    6.359760e-19
 1.384016e+01    6.357658e-19
 1.406527e+01    6.355556e-19
 1.429405e+01    6.353453e-19
 1.452654e+01    6.351351e-19
 1.476281e+01    6.349249e-19
 1.500293e+01    6.347147e-19
 1.524696e+01    6.345045e-19
 1.549495e+01    6.342943e-19
 1.574698e+01    6.340841e-19
 1.600310e+01    6.338739e-19
 1.626340e+01    6.336637e-19
 1.652792e+01    6.334535e-19
 1.679675e+01    6.332432e-19
 1.706995e+01    6.330330e-19
 1.734759e+01    6.328228e-19
 1.762975e+01    6.326126e-19
 1.791650e+01    6.324024e-19
 1.820792e+01    6.321922e-19
 1.850407e+01    6.319820e-19
 1.880504e+01    6.317718e-19
 1.911091e+01    6.315616e-19
 1.942175e+01    6.313514e-19
 1.973764e+01    6.311411e-19
 2.005868e+01    6.309309e-19
 2.038493e+01    6.307207e-19
 2.071650e+01    6.305105e-19
 2.105345e+01    6.303003e-19
 2.139589e+01    6.300901e-19
 2.174389e+01    6.298799e-19
 2.209756e+01    6.296697e-19
 2.245698e+01    6.294595e-19
 2.282224e+01    6.292492e-19
 2.319345e+01    6.290390e-19
 2.357069e+01    6.288288e-19
 2.395407e+01    6.286186e-19
 2.434369e+01    6.284084e-19
 2.473964e+01    6.281982e-19
 2.514203e+01    6.279880e-19
 2.555097e+01    6.277778e-19
 2.596656e+01    6.275676e-19
 2.638891e+01    6.273574e-19
 2.681813e+01    6.271471e-19
 2.725433e+01    6.269369e-19
 2.769762e+01    6.267267e-19
 2.814812e+01    6.265165e-19
 2.860596e+01    6.263063e-19
 2.907123e+01    6.260961e-19
 2.954408e+01    6.258859e-19
 3.002462e+01    6.256757e-19
 3.051297e+01    6.254655e-19
 3.100927e+01    6.252553e-19
 3.151363e+01    6.250450e-19
 3.202621e+01    6.248348e-19
 3.254712e+01    6.246246e-19
 3.307650e+01    6.244144e-19
 3.361449e+01    6.242042e-19
 3.416123e+01    6.239940e-19
 3.471687e+01    6.237838e-19
 3.528154e+01    6.235736e-19
 3.585540e+01    6.233634e-19
 3.643859e+01    6.231532e-19
 3.703127e+01    6.229429e-19
 3.763358e+01    6.227327e-19
 3.824570e+01    6.225225e-19
 3.886777e+01    6.223123e-19
 3.949995e+01    6.221021e-19
 4.014242e+01    6.218919e-19
 4.079535e+01    6.216817e-19
 4.145888e+01    6.214715e-19
 4.213322e+01    6.212613e-19
 4.281852e+01    6.210511e-19
 4.351497e+01    6.208408e-19
 4.422274e+01    6.206306e-19
 4.494203e+01    6.204204e-19
 4.567301e+01    6.202102e-19
 4.641589e+01    6.200000e-19
 4.717085e+01    6.197898e-19
 4.793808e+01    6.195796e-19
 4.871780e+01    6.193694e-19
 4.951020e+01    6.191592e-19
 5.031549e+01    6.189489e-19
 5.113388e+01    6.187387e-19
 5.196557e+01    6.185285e-19
 5.281080e+01    6.183183e-19
 5.366977e+01    6.181081e-19
 5.454271e+01    6.178979e-19
 5.542986e+01    6.176877e-19
 5.633143e+01    6.174775e-19
 5.724766e+01    6.172673e-19
 5.817880e+01    6.170571e-19
 5.912508e+01    6.168468e-19
 6.008676e+01    6.166366e-19
 6.106408e+01    6.164264e-19
 6.205729e+01    6.162162e-19
 6.306666e+01    6.160060e-19
 6.409244e+01    6.157958e-19
 6.513491e+01    6.155856e-19
 6.619433e+01    6.153754e-19
 6.727099e+01    6.151652e-19
 6.836516e+01    6.149550e-19
 6.947713e+01    6.147447e-19
 7.060718e+01    6.145345e-19
 7.175561e+01    6.143243e-19
 7.292272e+01    6.141141e-19
 7.410882e+01    6.139039e-19
 7.531420e+01    6.136937e-19
 7.653919e+01    6.134835e-19
 7.778411e+01    6.132733e-19
 7.904928e+01    6.130631e-19
 8.033502e+01    6.128529e-19
 8.164168e+01    6.126426e-19
 8.296959e+01    6.124324e-19
 8.431909e+01    6.122222e-19
 8.569055e+01    6.120120e-19
 8.708431e+01    6.118018e-19
 8.850075e+01    6.115916e-19
 8.994022e+01    6.113814e-19
 9.140311e+01    6.111712e-19
 9.288979e+01    6.109610e-19
 9.440065e+01    6.107508e-19
 9.593608e+01    6.105405e-19
 9.749649e+01    6.103303e-19
 9.908228e+01    6.101201e-19
 1.006939e+02    6.099099e-19
 1.023317e+02    6.096997e-19
 1.039961e+02    6.094895e-19
 1.056876e+02    6.092793e-19
 1.074066e+02    6.090691e-19
 1.091536e+02    6.088589e-19
 1.109290e+02    6.086486e-19
 1.127333e+02    6.084384e-19
 1.145669e+02    6.082282e-19
 1.164303e+02    6.080180e-19
 1.183241e+02    6.078078e-19
 1.202486e+02    6.075976e-19
 1.222045e+02    6.073874e-19
 1.241921e+02    6.071772e-19
 1.262121e+02    6.069670e-19
 1.282650e+02    6.067568e-19
 1.303512e+02    6.065465e-19
 1.324714e+02    6.063363e-19
 1.346261e+02    6.061261e-19
 1.368158e+02    6.059159e-19
 1.390411e+02    6.057057e-19
 1.413026e+02    6.054955e-19
 1.436009e+02    6.052853e-19
 1.459366e+02    6.050751e-19
 1.483103e+02    6.048649e-19
 1.507225e+02    6.046547e-19
 1.531740e+02    6.044444e-19
 1.556654e+02    6.042342e-19
 1.581973e+02    6.040240e-19
 1.607704e+02    6.038138e-19
 1.633854e+02    6.036036e-19
 1.660429e+02    6.033934e-19
 1.687436e+02    6.031832e-19
 1.714882e+02    6.029730e-19
 1.742775e+02    6.027628e-19
 1.771121e+02    6.025526e-19
 1.799929e+02    6.023423e-19
 1.829205e+02    6.021321e-19
 1.858957e+02    6.019219e-19
 1.889193e+02    6.017117e-19
 1.919921e+02    6.015015e-19
 1.951148e+02    6.012913e-19
 1.982884e+02    6.010811e-19
 2.015136e+02    6.008709e-19
 2.047912e+02    6.006607e-19
 2.081222e+02    6.004505e-19
 2.115073e+02    6.002402e-19
 2.149475e+02    6.000300e-19
 2.184436e+02    5.998198e-19
 2.219966e+02    5.996096e-19
 2.256074e+02    5.993994e-19
 2.292769e+02    5.991892e-19
 2.330061e+02    5.989790e-19
 2.367960e+02    5.987688e-19
 2.406475e+02    5.985586e-19
 2.445617e+02    5.983483e-19
 2.485395e+02    5.981381e-19
 2.525820e+02    5.979279e-19
 2.566903e+02    5.977177e-19
 2.608654e+02    5.975075e-19
 2.651084e+02    5.972973e-19
 2.694204e+02    5.970871e-19
 2.738025e+02    5.968769e-19
 2.782559e+02    5.966667e-19
 2.827818e+02    5.964565e-19
 2.873813e+02    5.962462e-19
 2.920556e+02    5.960360e-19
 2.968059e+02    5.958258e-19
 3.016334e+02    5.956156e-19
 3.065395e+02    5.954054e-19
 3.115254e+02    5.951952e-19
 3.165924e+02    5.949850e-19
 3.217418e+02    5.947748e-19
 3.269750e+02    5.945646e-19
 3.322933e+02    5.943544e-19
 3.376980e+02    5.941441e-19
 3.431907e+02    5.939339e-19
 3.487727e+02    5.937237e-19
 3.544456e+02    5.935135e-19
 3.602107e+02    5.933033e-19
 3.660695e+02    5.930931e-19
 3.720237e+02    5.928829e-19
 3.780747e+02    5.926727e-19
 3.842241e+02    5.924625e-19
 3.904735e+02    5.922523e-19
 3.968246e+02    5.920420e-19
 4.032790e+02    5.918318e-19
 4.098384e+02    5.916216e-19
 4.165044e+02    5.914114e-19
 4.232789e+02    5.912012e-19
 4.301636e+02    5.909910e-19
 4.371602e+02    5.907808e-19
 4.442707e+02    5.905706e-19
 4.514968e+02    5.903604e-19
 4.588404e+02    5.901502e-19
 4.663035e+02    5.899399e-19
 4.738880e+02    5.897297e-19
 4.815958e+02    5.895195e-19
 4.894290e+02    5.893093e-19
 4.973896e+02    5.890991e-19
 5.054797e+02    5.888889e-19
 5.137014e+02    5.886787e-19
 5.220568e+02    5.884685e-19
 5.305481e+02    5.882583e-19
 5.391775e+02    5.880480e-19
 5.479472e+02    5.878378e-19
 5.568596e+02    5.876276e-19
 5.659170e+02    5.874174e-19
 5.751217e+02    5.872072e-19
 5.844761e+02    5.869970e-19
 5.939827e+02    5.867868e-19
 6.036439e+02    5.865766e-19
 6.134622e+02    5.863664e-19
 6.234402e+02    5.861562e-19
 6.335805e+02    5.859459e-19
 6.438857e+02    5.857357e-19
 6.543586e+02    5.855255e-19
 6.650018e+02    5.853153e-19
 6.758181e+02    5.851051e-19
 6.868104e+02    5.848949e-19
 6.979814e+02    5.846847e-19
 7.093341e+02    5.844745e-19
 7.208715e+02    5.842643e-19
 7.325965e+02    5.840541e-19
 7.445123e+02    5.838438e-19
 7.566219e+02    5.836336e-19
 7.689284e+02    5.834234e-19
 7.814351e+02    5.832132e-19
 7.941452e+02    5.830030e-19
 8.070620e+02    5.827928e-19
 8.201889e+02    5.825826e-19
 8.335294e+02    5.823724e-19
 8.470868e+02    5.821622e-19
 8.608648e+02    5.819520e-19
 8.748668e+02    5.817417e-19
 8.890966e+02    5.815315e-19
 9.035578e+02    5.813213e-19
 9.182543e+02    5.811111e-19
 9.331898e+02    5.809009e-19
 9.483682e+02    5.806907e-19
 9.637935e+02    5.804805e-19
 9.794697e+02    5.802703e-19
 9.954008e+02    5.800601e-19
 1.011591e+03    5.798498e-19
 1.028045e+03    5.796396e-19
 1.044766e+03    5.794294e-19
 1.061759e+03    5.792192e-19
 1.079029e+03    5.790090e-19
 1.096579e+03    5.787988e-19
 1.114415e+03    5.785886e-19
 1.132541e+03    5.783784e-19
 1.150962e+03    5.781682e-19
 1.169683e+03    5.779580e-19
 1.188708e+03    5.777477e-19
 1.208042e+03    5.775375e-19
 1.227691e+03    5.773273e-19
 1.247660e+03    5.771171e-19
 1.267953e+03    5.769069e-19
 1.288576e+03    5.766967e-19
 1.309535e+03    5.764865e-19
 1.330835e+03    5.762763e-19
 1.352481e+03    5.760661e-19
 1.374479e+03    5.758559e-19
 1.396835e+03    5.756456e-19
 1.419555e+03    5.754354e-19
 1.442644e+03    5.752252e-19
 1.466109e+03    5.750150e-19
 1.489955e+03    5.748048e-19
 1.514189e+03    5.745946e-19
 1.538818e+03    5.743844e-19
 1.563847e+03    5.741742e-19
 1.589283e+03    5.739640e-19
 1.615133e+03    5.737538e-19
 1.641403e+03    5.735435e-19
 1.668101e+03    5.733333e-19
 1.695232e+03    5.731231e-19
 1.722805e+03    5.729129e-19
 1.750827e+03    5.727027e-19
 1.779304e+03    5.724925e-19
 1.808245e+03    5.722823e-19
 1.837656e+03    5.720721e-19
 1.867546e+03    5.718619e-19
 1.897922e+03    5.716517e-19
 1.928792e+03    5.714414e-19
 1.960163e+03    5.712312e-19
 1.992046e+03    5.710210e-19
 2.024447e+03    5.708108e-19
 2.057374e+03    5.706006e-19
 2.090838e+03    5.703904e-19
 2.124845e+03    5.701802e-19
 2.159406e+03    5.699700e-19
 2.194529e+03    5.697598e-19
 2.230223e+03    5.695495e-19
 2.266498e+03    5.693393e-19
 2.303363e+03    5.691291e-19
 2.340827e+03    5.689189e-19
 2.378901e+03    5.687087e-19
 2.417594e+03    5.684985e-19
 2.456916e+03    5.682883e-19
 2.496878e+03    5.680781e-19
 2.537490e+03    5.678679e-19
 2.578763e+03    5.676577e-19
 2.620707e+03    5.674474e-19
 2.663333e+03    5.672372e-19
 2.706652e+03    5.670270e-19
 2.750676e+03    5.668168e-19
 2.795416e+03    5.666066e-19
 2.840884e+03    5.663964e-19
 2.887091e+03    5.661862e-19
 2.934050e+03    5.659760e-19
 2.981772e+03    5.657658e-19
 3.030271e+03    5.655556e-19
 3.079559e+03    5.653453e-19
 3.129648e+03    5.651351e-19
 3.180552e+03    5.649249e-19
 3.232284e+03    5.647147e-19
 3.284857e+03    5.645045e-19
 3.338286e+03    5.642943e-19
 3.392583e+03    5.640841e-19
 3.447764e+03    5.638739e-19
 3.503842e+03    5.636637e-19
 3.560833e+03    5.634535e-19
 3.618750e+03    5.632432e-19
 3.677609e+03    5.630330e-19
 3.737426e+03    5.628228e-19
 3.798215e+03    5.626126e-19
 3.859994e+03    5.624024e-19
 3.922777e+03    5.621922e-19
 3.986581e+03    5.619820e-19
 4.051423e+03    5.617718e-19
 4.117320e+03    5.615616e-19
 4.184289e+03    5.613514e-19
 4.252346e+03    5.611411e-19
 4.321511e+03    5.609309e-19
 4.391801e+03    5.607207e-19
 4.463234e+03    5.605105e-19
 4.535829e+03    5.603003e-19
 4.609604e+03    5.600901e-19
 4.684580e+03    5.598799e-19
 4.760775e+03    5.596697e-19
 4.838210e+03    5.594595e-19
 4.916904e+03    5.592492e-19
 4.996877e+03    5.590390e-19
 5.078152e+03    5.588288e-19
 5.160749e+03    5.586186e-19
 5.244689e+03    5.584084e-19
 5.329994e+03    5.581982e-19
 5.416687e+03    5.579880e-19
 5.504790e+03    5.577778e-19
 5.594326e+03    5.575676e-19
 5.685318e+03    5.573574e-19
 5.777790e+03    5.571471e-19
 5.871766e+03    5.569369e-19
 5.967271e+03    5.567267e-19
 6.064329e+03    5.565165e-19
 6.162966e+03    5.563063e-19
 6.263207e+03    5.560961e-19
 6.365079e+03    5.558859e-19
 6.468608e+03    5.556757e-19
 6.573820e+03    5.554655e-19
 6.680744e+03    5.552553e-19
 6.789407e+03    5.550450e-19
 6.899837e+03    5.548348e-19
 7.012064e+03    5.546246e-19
 7.126115e+03    5.544144e-19
 7.242022e+03    5.542042e-19
 7.359814e+03    5.539940e-19
 7.479523e+03    5.537838e-19
 7.601178e+03    5.535736e-19
 7.724811e+03    5.533634e-19
 7.850456e+03    5.531532e-19
 7.978145e+03    5.529429e-19
 8.107910e+03    5.527327e-19
 8.239786e+03    5.525225e-19
 8.373807e+03    5.523123e-19
 8.510007e+03    5.521021e-19
 8.648423e+03    5.518919e-19
 8.789091e+03    5.516817e-19
 8.932046e+03    5.514715e-19
 9.077327e+03    5.512613e-19
 9.224970e+03    5.510511e-19
 9.375015e+03    5.508408e-19
 9.527500e+03    5.506306e-19
 9.682466e+03    5.504204e-19
 9.839952e+03    5.502102e-19
 1.000000e+04    5.500000e-19
-----------------------------


SPECIES :  I_2^+ / I2
PROCESS:  I_2^+ + I2 -> I_2^+ + I2, isotropic
PARAM.:   delta E = 0.00
COMMENT:  As in Cl2 and O2, half the charge exchange cross section
UPDATED:  10/31/22
COLUMNS: Energy (eV) | Cross section (m2)
-----------------------------
 1.000000e-03    1.720975e-17
 1.016265e-03    1.707148e-17
 1.032795e-03    1.693431e-17
 1.049593e-03    1.679825e-17
 1.066665e-03    1.666328e-17
 1.084014e-03    1.652940e-17
 1.101646e-03    1.639659e-17
 1.119564e-03    1.626485e-17
 1.137774e-03    1.613417e-17
 1.156280e-03    1.600454e-17
 1.175087e-03    1.587595e-17
 1.194200e-03    1.574839e-17
 1.213624e-03    1.562185e-17
 1.233363e-03    1.549634e-17
 1.253424e-03    1.537183e-17
 1.273811e-03    1.524832e-17
 1.294530e-03    1.512581e-17
 1.315586e-03    1.500428e-17
 1.336984e-03    1.488372e-17
 1.358730e-03    1.476414e-17
 1.380830e-03    1.464551e-17
 1.403289e-03    1.452784e-17
 1.426114e-03    1.441111e-17
 1.449310e-03    1.429533e-17
 1.472883e-03    1.418047e-17
 1.496839e-03    1.406653e-17
 1.521186e-03    1.395351e-17
 1.545928e-03    1.384140e-17
 1.571072e-03    1.373019e-17
 1.596626e-03    1.361987e-17
 1.622595e-03    1.351044e-17
 1.648987e-03    1.340189e-17
 1.675808e-03    1.329421e-17
 1.703065e-03    1.318739e-17
 1.730766e-03    1.308144e-17
 1.758917e-03    1.297633e-17
 1.787526e-03    1.287207e-17
 1.816600e-03    1.276865e-17
 1.846147e-03    1.266606e-17
 1.876175e-03    1.256429e-17
 1.906691e-03    1.246334e-17
 1.937703e-03    1.236320e-17
 1.969220e-03    1.226387e-17
 2.001250e-03    1.216533e-17
 2.033800e-03    1.206759e-17
 2.066880e-03    1.197063e-17
 2.100498e-03    1.187445e-17
 2.134663e-03    1.177904e-17
 2.169384e-03    1.168440e-17
 2.204669e-03    1.159052e-17
 2.240528e-03    1.149740e-17
 2.276970e-03    1.140502e-17
 2.314005e-03    1.131338e-17
 2.351643e-03    1.122248e-17
 2.389893e-03    1.113231e-17
 2.428764e-03    1.104287e-17
 2.468268e-03    1.095414e-17
 2.508415e-03    1.086613e-17
 2.549215e-03    1.077883e-17
 2.590678e-03    1.069222e-17
 2.632815e-03    1.060631e-17
 2.675638e-03    1.052109e-17
 2.719158e-03    1.043656e-17
 2.763385e-03    1.035271e-17
 2.808332e-03    1.026953e-17
 2.854010e-03    1.018701e-17
 2.900430e-03    1.010516e-17
 2.947606e-03    1.002397e-17
 2.995549e-03    9.943434e-18
 3.044272e-03    9.863542e-18
 3.093788e-03    9.784292e-18
 3.144108e-03    9.705678e-18
 3.195248e-03    9.627696e-18
 3.247218e-03    9.550341e-18
 3.300035e-03    9.473607e-18
 3.353710e-03    9.397490e-18
 3.408259e-03    9.321984e-18
 3.463694e-03    9.247085e-18
 3.520031e-03    9.172788e-18
 3.577285e-03    9.099088e-18
 3.635470e-03    9.025980e-18
 3.694601e-03    8.953459e-18
 3.754694e-03    8.881521e-18
 3.815765e-03    8.810161e-18
 3.877828e-03    8.739374e-18
 3.940902e-03    8.669156e-18
 4.005001e-03    8.599503e-18
 4.070142e-03    8.530408e-18
 4.136344e-03    8.461869e-18
 4.203622e-03    8.393881e-18
 4.271994e-03    8.326439e-18
 4.341478e-03    8.259539e-18
 4.412093e-03    8.193176e-18
 4.483856e-03    8.127347e-18
 4.556786e-03    8.062047e-18
 4.630903e-03    7.997271e-18
 4.706225e-03    7.933015e-18
 4.782772e-03    7.869276e-18
 4.860564e-03    7.806049e-18
 4.939622e-03    7.743330e-18
 5.019965e-03    7.681115e-18
 5.101615e-03    7.619400e-18
 5.184594e-03    7.558181e-18
 5.268921e-03    7.497453e-18
 5.354621e-03    7.437214e-18
 5.441714e-03    7.377458e-18
 5.530224e-03    7.318183e-18
 5.620174e-03    7.259384e-18
 5.711586e-03    7.201057e-18
 5.804486e-03    7.143199e-18
 5.898896e-03    7.085806e-18
 5.994843e-03    7.028874e-18
 6.092349e-03    6.972399e-18
 6.191442e-03    6.916378e-18
 6.292146e-03    6.860807e-18
 6.394488e-03    6.805683e-18
 6.498495e-03    6.751002e-18
 6.604194e-03    6.696760e-18
 6.711612e-03    6.642954e-18
 6.820777e-03    6.589580e-18
 6.931717e-03    6.536635e-18
 7.044462e-03    6.484115e-18
 7.159041e-03    6.432017e-18
 7.275484e-03    6.380338e-18
 7.393820e-03    6.329074e-18
 7.514081e-03    6.278222e-18
 7.636298e-03    6.227779e-18
 7.760503e-03    6.177741e-18
 7.886729e-03    6.128105e-18
 8.015007e-03    6.078868e-18
 8.145372e-03    6.030026e-18
 8.277857e-03    5.981577e-18
 8.412497e-03    5.933517e-18
 8.549327e-03    5.885843e-18
 8.688383e-03    5.838552e-18
 8.829700e-03    5.791641e-18
 8.973316e-03    5.745107e-18
 9.119268e-03    5.698947e-18
 9.267593e-03    5.653158e-18
 9.418332e-03    5.607737e-18
 9.571522e-03    5.562681e-18
 9.727203e-03    5.517987e-18
 9.885417e-03    5.473651e-18
 1.004620e-02    5.429672e-18
 1.020961e-02    5.386047e-18
 1.037567e-02    5.342772e-18
 1.054443e-02    5.299844e-18
 1.071593e-02    5.257262e-18
 1.089023e-02    5.215022e-18
 1.106736e-02    5.173121e-18
 1.124737e-02    5.131556e-18
 1.143031e-02    5.090326e-18
 1.161623e-02    5.049427e-18
 1.180517e-02    5.008857e-18
 1.199718e-02    4.968612e-18
 1.219231e-02    4.928691e-18
 1.239062e-02    4.889091e-18
 1.259216e-02    4.849808e-18
 1.279697e-02    4.810842e-18
 1.300511e-02    4.772188e-18
 1.321664e-02    4.733845e-18
 1.343161e-02    4.695811e-18
 1.365008e-02    4.658081e-18
 1.387210e-02    4.620655e-18
 1.409773e-02    4.583530e-18
 1.432703e-02    4.546703e-18
 1.456006e-02    4.510171e-18
 1.479688e-02    4.473934e-18
 1.503755e-02    4.437987e-18
 1.528214e-02    4.402329e-18
 1.553071e-02    4.366958e-18
 1.578331e-02    4.331871e-18
 1.604003e-02    4.297066e-18
 1.630092e-02    4.262541e-18
 1.656606e-02    4.228292e-18
 1.683551e-02    4.194320e-18
 1.710934e-02    4.160620e-18
 1.738762e-02    4.127190e-18
 1.767044e-02    4.094030e-18
 1.795785e-02    4.061136e-18
 1.824993e-02    4.028506e-18
 1.854677e-02    3.996138e-18
 1.884843e-02    3.964031e-18
 1.915501e-02    3.932181e-18
 1.946656e-02    3.900587e-18
 1.978319e-02    3.869247e-18
 2.010496e-02    3.838159e-18
 2.043197e-02    3.807321e-18
 2.076430e-02    3.776730e-18
 2.110203e-02    3.746386e-18
 2.144526e-02    3.716285e-18
 2.179407e-02    3.686425e-18
 2.214855e-02    3.656806e-18
 2.250880e-02    3.627425e-18
 2.287491e-02    3.598280e-18
 2.324697e-02    3.569369e-18
 2.362508e-02    3.540690e-18
 2.400935e-02    3.512242e-18
 2.439986e-02    3.484022e-18
 2.479673e-02    3.456029e-18
 2.520005e-02    3.428261e-18
 2.560993e-02    3.400716e-18
 2.602648e-02    3.373393e-18
 2.644980e-02    3.346289e-18
 2.688001e-02    3.319402e-18
 2.731722e-02    3.292732e-18
 2.776153e-02    3.266276e-18
 2.821308e-02    3.240033e-18
 2.867196e-02    3.214000e-18
 2.913832e-02    3.188177e-18
 2.961225e-02    3.162561e-18
 3.009390e-02    3.137151e-18
 3.058338e-02    3.111945e-18
 3.108082e-02    3.086941e-18
 3.158635e-02    3.062139e-18
 3.210011e-02    3.037536e-18
 3.262222e-02    3.013130e-18
 3.315282e-02    2.988921e-18
 3.369206e-02    2.964906e-18
 3.424006e-02    2.941084e-18
 3.479698e-02    2.917453e-18
 3.536296e-02    2.894012e-18
 3.593814e-02    2.870760e-18
 3.652267e-02    2.847694e-18
 3.711672e-02    2.824814e-18
 3.772042e-02    2.802117e-18
 3.833395e-02    2.779603e-18
 3.895746e-02    2.757270e-18
 3.959110e-02    2.735117e-18
 4.023506e-02    2.713141e-18
 4.088948e-02    2.691342e-18
 4.155455e-02    2.669718e-18
 4.223044e-02    2.648267e-18
 4.291732e-02    2.626989e-18
 4.361538e-02    2.605882e-18
 4.432479e-02    2.584945e-18
 4.504573e-02    2.564176e-18
 4.577841e-02    2.543574e-18
 4.652300e-02    2.523137e-18
 4.727970e-02    2.502864e-18
 4.804870e-02    2.482755e-18
 4.883022e-02    2.462806e-18
 4.962445e-02    2.443019e-18
 5.043159e-02    2.423390e-18
 5.125187e-02    2.403919e-18
 5.208549e-02    2.384604e-18
 5.293266e-02    2.365445e-18
 5.379362e-02    2.346439e-18
 5.466857e-02    2.327586e-18
 5.555776e-02    2.308885e-18
 5.646141e-02    2.290334e-18
 5.737976e-02    2.271932e-18
 5.831305e-02    2.253677e-18
 5.926152e-02    2.235570e-18
 6.022541e-02    2.217608e-18
 6.120498e-02    2.199790e-18
 6.220049e-02    2.182115e-18
 6.321218e-02    2.164583e-18
 6.424034e-02    2.147191e-18
 6.528521e-02    2.129939e-18
 6.634708e-02    2.112826e-18
 6.742622e-02    2.095850e-18
 6.852292e-02    2.079011e-18
 6.963745e-02    2.062306e-18
 7.077011e-02    2.045737e-18
 7.192119e-02    2.029300e-18
 7.309099e-02    2.012995e-18
 7.427982e-02    1.996821e-18
 7.548799e-02    1.980777e-18
 7.671581e-02    1.964863e-18
 7.796360e-02    1.949076e-18
 7.923169e-02    1.933415e-18
 8.052040e-02    1.917881e-18
 8.183007e-02    1.902472e-18
 8.316104e-02    1.887186e-18
 8.451366e-02    1.872023e-18
 8.588829e-02    1.856982e-18
 8.728527e-02    1.842062e-18
 8.870497e-02    1.827261e-18
 9.014776e-02    1.812580e-18
 9.161402e-02    1.798016e-18
 9.310413e-02    1.783570e-18
 9.461848e-02    1.769240e-18
 9.615746e-02    1.755024e-18
 9.772147e-02    1.740923e-18
 9.931092e-02    1.726936e-18
 1.009262e-01    1.713060e-18
 1.025678e-01    1.699296e-18
 1.042361e-01    1.685643e-18
 1.059315e-01    1.672100e-18
 1.076545e-01    1.658665e-18
 1.094055e-01    1.645338e-18
 1.111850e-01    1.632118e-18
 1.129934e-01    1.619005e-18
 1.148312e-01    1.605997e-18
 1.166990e-01    1.593093e-18
 1.185971e-01    1.580293e-18
 1.205261e-01    1.567596e-18
 1.224865e-01    1.555001e-18
 1.244787e-01    1.542507e-18
 1.265034e-01    1.530113e-18
 1.285610e-01    1.517819e-18
 1.306520e-01    1.505624e-18
 1.327771e-01    1.493527e-18
 1.349367e-01    1.481527e-18
 1.371315e-01    1.469623e-18
 1.393619e-01    1.457815e-18
 1.416287e-01    1.446102e-18
 1.439323e-01    1.434483e-18
 1.462733e-01    1.422958e-18
 1.486525e-01    1.411525e-18
 1.510703e-01    1.400184e-18
 1.535275e-01    1.388934e-18
 1.560246e-01    1.377774e-18
 1.585624e-01    1.366704e-18
 1.611414e-01    1.355723e-18
 1.637624e-01    1.344830e-18
 1.664260e-01    1.334025e-18
 1.691330e-01    1.323307e-18
 1.718839e-01    1.312674e-18
 1.746796e-01    1.302127e-18
 1.775208e-01    1.291665e-18
 1.804082e-01    1.281287e-18
 1.833425e-01    1.270993e-18
 1.863246e-01    1.260781e-18
 1.893552e-01    1.250651e-18
 1.924351e-01    1.240602e-18
 1.955651e-01    1.230634e-18
 1.987460e-01    1.220746e-18
 2.019786e-01    1.210938e-18
 2.052638e-01    1.201209e-18
 2.086024e-01    1.191557e-18
 2.119953e-01    1.181984e-18
 2.154435e-01    1.172487e-18
 2.189477e-01    1.163066e-18
 2.225089e-01    1.153721e-18
 2.261280e-01    1.144452e-18
 2.298060e-01    1.135256e-18
 2.335438e-01    1.126135e-18
 2.373424e-01    1.117087e-18
 2.412028e-01    1.108111e-18
 2.451260e-01    1.099208e-18
 2.491130e-01    1.090376e-18
 2.531648e-01    1.081616e-18
 2.572826e-01    1.072925e-18
 2.614673e-01    1.064305e-18
 2.657201e-01    1.055753e-18
 2.700421e-01    1.047271e-18
 2.744343e-01    1.038856e-18
 2.788980e-01    1.030509e-18
 2.834343e-01    1.022229e-18
 2.880444e-01    1.014016e-18
 2.927295e-01    1.005869e-18
 2.974908e-01    9.977871e-19
 3.023295e-01    9.897702e-19
 3.072469e-01    9.818178e-19
 3.122443e-01    9.739292e-19
 3.173230e-01    9.661040e-19
 3.224842e-01    9.583417e-19
 3.277295e-01    9.506417e-19
 3.330600e-01    9.430036e-19
 3.384773e-01    9.354269e-19
 3.439826e-01    9.279111e-19
 3.495776e-01    9.204556e-19
 3.552635e-01    9.130601e-19
 3.610419e-01    9.057239e-19
 3.669142e-01    8.984468e-19
 3.728821e-01    8.912280e-19
 3.789471e-01    8.840673e-19
 3.851107e-01    8.769641e-19
 3.913746e-01    8.699180e-19
 3.977403e-01    8.629285e-19
 4.042096e-01    8.559952e-19
 4.107841e-01    8.491176e-19
 4.174655e-01    8.422952e-19
 4.242556e-01    8.355276e-19
 4.311562e-01    8.288144e-19
 4.381690e-01    8.221552e-19
 4.452959e-01    8.155495e-19
 4.525386e-01    8.089968e-19
 4.598992e-01    8.024968e-19
 4.673795e-01    7.960490e-19
 4.749815e-01    7.896530e-19
 4.827071e-01    7.833084e-19
 4.905584e-01    7.770148e-19
 4.985373e-01    7.707717e-19
 5.066461e-01    7.645788e-19
 5.148867e-01    7.584357e-19
 5.232614e-01    7.523419e-19
 5.317723e-01    7.462971e-19
 5.404216e-01    7.403009e-19
 5.492116e-01    7.343528e-19
 5.581446e-01    7.284525e-19
 5.672229e-01    7.225997e-19
 5.764488e-01    7.167938e-19
 5.858248e-01    7.110346e-19
 5.953533e-01    7.053217e-19
 6.050368e-01    6.996547e-19
 6.148778e-01    6.940332e-19
 6.248788e-01    6.884569e-19
 6.350425e-01    6.829253e-19
 6.453715e-01    6.774383e-19
 6.558686e-01    6.719953e-19
 6.665363e-01    6.665960e-19
 6.773776e-01    6.612401e-19
 6.883952e-01    6.559273e-19
 6.995920e-01    6.506572e-19
 7.109709e-01    6.454293e-19
 7.225349e-01    6.402435e-19
 7.342870e-01    6.350994e-19
 7.462303e-01    6.299966e-19
 7.583678e-01    6.249348e-19
 7.707027e-01    6.199136e-19
 7.832383e-01    6.149328e-19
 7.959777e-01    6.099921e-19
 8.089243e-01    6.050910e-19
 8.220816e-01    6.002293e-19
 8.354528e-01    5.954066e-19
 8.490415e-01    5.906227e-19
 8.628513e-01    5.858773e-19
 8.768856e-01    5.811700e-19
 8.911482e-01    5.765005e-19
 9.056428e-01    5.718685e-19
 9.203732e-01    5.672737e-19
 9.353432e-01    5.627158e-19
 9.505566e-01    5.581946e-19
 9.660175e-01    5.537097e-19
 9.817298e-01    5.492608e-19
 9.976978e-01    5.448477e-19
 1.013925e+00    5.404700e-19
 1.030417e+00    5.361275e-19
 1.047177e+00    5.318199e-19
 1.064209e+00    5.275469e-19
 1.081519e+00    5.233083e-19
 1.099110e+00    5.191037e-19
 1.116987e+00    5.149329e-19
 1.135155e+00    5.107955e-19
 1.153618e+00    5.066915e-19
 1.172382e+00    5.026204e-19
 1.191451e+00    4.985820e-19
 1.210830e+00    4.945761e-19
 1.230524e+00    4.906023e-19
 1.250539e+00    4.866605e-19
 1.270879e+00    4.827503e-19
 1.291550e+00    4.788716e-19
 1.312557e+00    4.750240e-19
 1.333906e+00    4.712074e-19
 1.355602e+00    4.674214e-19
 1.377651e+00    4.636658e-19
 1.400058e+00    4.599404e-19
 1.422830e+00    4.562449e-19
 1.445973e+00    4.525792e-19
 1.469492e+00    4.489428e-19
 1.493393e+00    4.453357e-19
 1.517683e+00    4.417576e-19
 1.542369e+00    4.382082e-19
 1.567455e+00    4.346874e-19
 1.592950e+00    4.311948e-19
 1.618860e+00    4.277303e-19
 1.645191e+00    4.242936e-19
 1.671950e+00    4.208846e-19
 1.699144e+00    4.175029e-19
 1.726781e+00    4.141484e-19
 1.754867e+00    4.108209e-19
 1.783410e+00    4.075201e-19
 1.812418e+00    4.042458e-19
 1.841897e+00    4.009978e-19
 1.871855e+00    3.977759e-19
 1.902301e+00    3.945799e-19
 1.933242e+00    3.914096e-19
 1.964687e+00    3.882648e-19
 1.996642e+00    3.851452e-19
 2.029118e+00    3.820507e-19
 2.062122e+00    3.789810e-19
 2.095662e+00    3.759360e-19
 2.129749e+00    3.729155e-19
 2.164389e+00    3.699193e-19
 2.199593e+00    3.669471e-19
 2.235370e+00    3.639988e-19
 2.271728e+00    3.610742e-19
 2.308678e+00    3.581731e-19
 2.346229e+00    3.552953e-19
 2.384390e+00    3.524406e-19
 2.423173e+00    3.496089e-19
 2.462586e+00    3.467999e-19
 2.502640e+00    3.440135e-19
 2.543346e+00    3.412494e-19
 2.584714e+00    3.385076e-19
 2.626754e+00    3.357878e-19
 2.669478e+00    3.330899e-19
 2.712898e+00    3.304136e-19
 2.757023e+00    3.277588e-19
 2.801867e+00    3.282883e-19
 2.847439e+00    3.281832e-19
 2.893753e+00    3.280781e-19
 2.940820e+00    3.279730e-19
 2.988653e+00    3.278679e-19
 3.037264e+00    3.277628e-19
 3.086665e+00    3.276577e-19
 3.136870e+00    3.275526e-19
 3.187891e+00    3.274474e-19
 3.239743e+00    3.273423e-19
 3.292437e+00    3.272372e-19
 3.345989e+00    3.271321e-19
 3.400412e+00    3.270270e-19
 3.455720e+00    3.269219e-19
 3.511928e+00    3.268168e-19
 3.569049e+00    3.267117e-19
 3.627100e+00    3.266066e-19
 3.686095e+00    3.265015e-19
 3.746050e+00    3.263964e-19
 3.806980e+00    3.262913e-19
 3.868901e+00    3.261862e-19
 3.931829e+00    3.260811e-19
 3.995780e+00    3.259760e-19
 4.060772e+00    3.258709e-19
 4.126821e+00    3.257658e-19
 4.193944e+00    3.256607e-19
 4.262159e+00    3.255556e-19
 4.331483e+00    3.254505e-19
 4.401935e+00    3.253453e-19
 4.473533e+00    3.252402e-19
 4.546295e+00    3.251351e-19
 4.620241e+00    3.250300e-19
 4.695390e+00    3.249249e-19
 4.771761e+00    3.248198e-19
 4.849374e+00    3.247147e-19
 4.928250e+00    3.246096e-19
 5.008408e+00    3.245045e-19
 5.089870e+00    3.243994e-19
 5.172657e+00    3.242943e-19
 5.256791e+00    3.241892e-19
 5.342293e+00    3.240841e-19
 5.429186e+00    3.239790e-19
 5.517492e+00    3.238739e-19
 5.607235e+00    3.237688e-19
 5.698437e+00    3.236637e-19
 5.791123e+00    3.235586e-19
 5.885316e+00    3.234535e-19
 5.981041e+00    3.233483e-19
 6.078323e+00    3.232432e-19
 6.177188e+00    3.231381e-19
 6.277660e+00    3.230330e-19
 6.379767e+00    3.229279e-19
 6.483534e+00    3.228228e-19
 6.588990e+00    3.227177e-19
 6.696160e+00    3.226126e-19
 6.805074e+00    3.225075e-19
 6.915759e+00    3.224024e-19
 7.028244e+00    3.222973e-19
 7.142559e+00    3.221922e-19
 7.258734e+00    3.220871e-19
 7.376798e+00    3.219820e-19
 7.496782e+00    3.218769e-19
 7.618718e+00    3.217718e-19
 7.742637e+00    3.216667e-19
 7.868572e+00    3.215616e-19
 7.996555e+00    3.214565e-19
 8.126619e+00    3.213514e-19
 8.258799e+00    3.212462e-19
 8.393129e+00    3.211411e-19
 8.529644e+00    3.210360e-19
 8.668380e+00    3.209309e-19
 8.809372e+00    3.208258e-19
 8.952657e+00    3.207207e-19
 9.098273e+00    3.206156e-19
 9.246257e+00    3.205105e-19
 9.396648e+00    3.204054e-19
 9.549486e+00    3.203003e-19
 9.704809e+00    3.201952e-19
 9.862658e+00    3.200901e-19
 1.002308e+01    3.199850e-19
 1.018610e+01    3.198799e-19
 1.035178e+01    3.197748e-19
 1.052015e+01    3.196697e-19
 1.069126e+01    3.195646e-19
 1.086516e+01    3.194595e-19
 1.104188e+01    3.193544e-19
 1.122148e+01    3.192492e-19
 1.140400e+01    3.191441e-19
 1.158948e+01    3.190390e-19
 1.177799e+01    3.189339e-19
 1.196956e+01    3.188288e-19
 1.216424e+01    3.187237e-19
 1.236210e+01    3.186186e-19
 1.256317e+01    3.185135e-19
 1.276751e+01    3.184084e-19
 1.297517e+01    3.183033e-19
 1.318621e+01    3.181982e-19
 1.340069e+01    3.180931e-19
 1.361865e+01    3.179880e-19
 1.384016e+01    3.178829e-19
 1.406527e+01    3.177778e-19
 1.429405e+01    3.176727e-19
 1.452654e+01    3.175676e-19
 1.476281e+01    3.174625e-19
 1.500293e+01    3.173574e-19
 1.524696e+01    3.172523e-19
 1.549495e+01    3.171471e-19
 1.574698e+01    3.170420e-19
 1.600310e+01    3.169369e-19
 1.626340e+01    3.168318e-19
 1.652792e+01    3.167267e-19
 1.679675e+01    3.166216e-19
 1.706995e+01    3.165165e-19
 1.734759e+01    3.164114e-19
 1.762975e+01    3.163063e-19
 1.791650e+01    3.162012e-19
 1.820792e+01    3.160961e-19
 1.850407e+01    3.159910e-19
 1.880504e+01    3.158859e-19
 1.911091e+01    3.157808e-19
 1.942175e+01    3.156757e-19
 1.973764e+01    3.155706e-19
 2.005868e+01    3.154655e-19
 2.038493e+01    3.153604e-19
 2.071650e+01    3.152553e-19
 2.105345e+01    3.151502e-19
 2.139589e+01    3.150450e-19
 2.174389e+01    3.149399e-19
 2.209756e+01    3.148348e-19
 2.245698e+01    3.147297e-19
 2.282224e+01    3.146246e-19
 2.319345e+01    3.145195e-19
 2.357069e+01    3.144144e-19
 2.395407e+01    3.143093e-19
 2.434369e+01    3.142042e-19
 2.473964e+01    3.140991e-19
 2.514203e+01    3.139940e-19
 2.555097e+01    3.138889e-19
 2.596656e+01    3.137838e-19
 2.638891e+01    3.136787e-19
 2.681813e+01    3.135736e-19
 2.725433e+01    3.134685e-19
 2.769762e+01    3.133634e-19
 2.814812e+01    3.132583e-19
 2.860596e+01    3.131532e-19
 2.907123e+01    3.130480e-19
 2.954408e+01    3.129429e-19
 3.002462e+01    3.128378e-19
 3.051297e+01    3.127327e-19
 3.100927e+01    3.126276e-19
 3.151363e+01    3.125225e-19
 3.202621e+01    3.124174e-19
 3.254712e+01    3.123123e-19
 3.307650e+01    3.122072e-19
 3.361449e+01    3.121021e-19
 3.416123e+01    3.119970e-19
 3.471687e+01    3.118919e-19
 3.528154e+01    3.117868e-19
 3.585540e+01    3.116817e-19
 3.643859e+01    3.115766e-19
 3.703127e+01    3.114715e-19
 3.763358e+01    3.113664e-19
 3.824570e+01    3.112613e-19
 3.886777e+01    3.111562e-19
 3.949995e+01    3.110511e-19
 4.014242e+01    3.109459e-19
 4.079535e+01    3.108408e-19
 4.145888e+01    3.107357e-19
 4.213322e+01    3.106306e-19
 4.281852e+01    3.105255e-19
 4.351497e+01    3.104204e-19
 4.422274e+01    3.103153e-19
 4.494203e+01    3.102102e-19
 4.567301e+01    3.101051e-19
 4.641589e+01    3.100000e-19
 4.717085e+01    3.098949e-19
 4.793808e+01    3.097898e-19
 4.871780e+01    3.096847e-19
 4.951020e+01    3.095796e-19
 5.031549e+01    3.094745e-19
 5.113388e+01    3.093694e-19
 5.196557e+01    3.092643e-19
 5.281080e+01    3.091592e-19
 5.366977e+01    3.090541e-19
 5.454271e+01    3.089489e-19
 5.542986e+01    3.088438e-19
 5.633143e+01    3.087387e-19
 5.724766e+01    3.086336e-19
 5.817880e+01    3.085285e-19
 5.912508e+01    3.084234e-19
 6.008676e+01    3.083183e-19
 6.106408e+01    3.082132e-19
 6.205729e+01    3.081081e-19
 6.306666e+01    3.080030e-19
 6.409244e+01    3.078979e-19
 6.513491e+01    3.077928e-19
 6.619433e+01    3.076877e-19
 6.727099e+01    3.075826e-19
 6.836516e+01    3.074775e-19
 6.947713e+01    3.073724e-19
 7.060718e+01    3.072673e-19
 7.175561e+01    3.071622e-19
 7.292272e+01    3.070571e-19
 7.410882e+01    3.069520e-19
 7.531420e+01    3.068468e-19
 7.653919e+01    3.067417e-19
 7.778411e+01    3.066366e-19
 7.904928e+01    3.065315e-19
 8.033502e+01    3.064264e-19
 8.164168e+01    3.063213e-19
 8.296959e+01    3.062162e-19
 8.431909e+01    3.061111e-19
 8.569055e+01    3.060060e-19
 8.708431e+01    3.059009e-19
 8.850075e+01    3.057958e-19
 8.994022e+01    3.056907e-19
 9.140311e+01    3.055856e-19
 9.288979e+01    3.054805e-19
 9.440065e+01    3.053754e-19
 9.593608e+01    3.052703e-19
 9.749649e+01    3.051652e-19
 9.908228e+01    3.050601e-19
 1.006939e+02    3.049550e-19
 1.023317e+02    3.048498e-19
 1.039961e+02    3.047447e-19
 1.056876e+02    3.046396e-19
 1.074066e+02    3.045345e-19
 1.091536e+02    3.044294e-19
 1.109290e+02    3.043243e-19
 1.127333e+02    3.042192e-19
 1.145669e+02    3.041141e-19
 1.164303e+02    3.040090e-19
 1.183241e+02    3.039039e-19
 1.202486e+02    3.037988e-19
 1.222045e+02    3.036937e-19
 1.241921e+02    3.035886e-19
 1.262121e+02    3.034835e-19
 1.282650e+02    3.033784e-19
 1.303512e+02    3.032733e-19
 1.324714e+02    3.031682e-19
 1.346261e+02    3.030631e-19
 1.368158e+02    3.029580e-19
 1.390411e+02    3.028529e-19
 1.413026e+02    3.027477e-19
 1.436009e+02    3.026426e-19
 1.459366e+02    3.025375e-19
 1.483103e+02    3.024324e-19
 1.507225e+02    3.023273e-19
 1.531740e+02    3.022222e-19
 1.556654e+02    3.021171e-19
 1.581973e+02    3.020120e-19
 1.607704e+02    3.019069e-19
 1.633854e+02    3.018018e-19
 1.660429e+02    3.016967e-19
 1.687436e+02    3.015916e-19
 1.714882e+02    3.014865e-19
 1.742775e+02    3.013814e-19
 1.771121e+02    3.012763e-19
 1.799929e+02    3.011712e-19
 1.829205e+02    3.010661e-19
 1.858957e+02    3.009610e-19
 1.889193e+02    3.008559e-19
 1.919921e+02    3.007508e-19
 1.951148e+02    3.006456e-19
 1.982884e+02    3.005405e-19
 2.015136e+02    3.004354e-19
 2.047912e+02    3.003303e-19
 2.081222e+02    3.002252e-19
 2.115073e+02    3.001201e-19
 2.149475e+02    3.000150e-19
 2.184436e+02    2.999099e-19
 2.219966e+02    2.998048e-19
 2.256074e+02    2.996997e-19
 2.292769e+02    2.995946e-19
 2.330061e+02    2.994895e-19
 2.367960e+02    2.993844e-19
 2.406475e+02    2.992793e-19
 2.445617e+02    2.991742e-19
 2.485395e+02    2.990691e-19
 2.525820e+02    2.989640e-19
 2.566903e+02    2.988589e-19
 2.608654e+02    2.987538e-19
 2.651084e+02    2.986486e-19
 2.694204e+02    2.985435e-19
 2.738025e+02    2.984384e-19
 2.782559e+02    2.983333e-19
 2.827818e+02    2.982282e-19
 2.873813e+02    2.981231e-19
 2.920556e+02    2.980180e-19
 2.968059e+02    2.979129e-19
 3.016334e+02    2.978078e-19
 3.065395e+02    2.977027e-19
 3.115254e+02    2.975976e-19
 3.165924e+02    2.974925e-19
 3.217418e+02    2.973874e-19
 3.269750e+02    2.972823e-19
 3.322933e+02    2.971772e-19
 3.376980e+02    2.970721e-19
 3.431907e+02    2.969670e-19
 3.487727e+02    2.968619e-19
 3.544456e+02    2.967568e-19
 3.602107e+02    2.966517e-19
 3.660695e+02    2.965465e-19
 3.720237e+02    2.964414e-19
 3.780747e+02    2.963363e-19
 3.842241e+02    2.962312e-19
 3.904735e+02    2.961261e-19
 3.968246e+02    2.960210e-19
 4.032790e+02    2.959159e-19
 4.098384e+02    2.958108e-19
 4.165044e+02    2.957057e-19
 4.232789e+02    2.956006e-19
 4.301636e+02    2.954955e-19
 4.371602e+02    2.953904e-19
 4.442707e+02    2.952853e-19
 4.514968e+02    2.951802e-19
 4.588404e+02    2.950751e-19
 4.663035e+02    2.949700e-19
 4.738880e+02    2.948649e-19
 4.815958e+02    2.947598e-19
 4.894290e+02    2.946547e-19
 4.973896e+02    2.945495e-19
 5.054797e+02    2.944444e-19
 5.137014e+02    2.943393e-19
 5.220568e+02    2.942342e-19
 5.305481e+02    2.941291e-19
 5.391775e+02    2.940240e-19
 5.479472e+02    2.939189e-19
 5.568596e+02    2.938138e-19
 5.659170e+02    2.937087e-19
 5.751217e+02    2.936036e-19
 5.844761e+02    2.934985e-19
 5.939827e+02    2.933934e-19
 6.036439e+02    2.932883e-19
 6.134622e+02    2.931832e-19
 6.234402e+02    2.930781e-19
 6.335805e+02    2.929730e-19
 6.438857e+02    2.928679e-19
 6.543586e+02    2.927628e-19
 6.650018e+02    2.926577e-19
 6.758181e+02    2.925526e-19
 6.868104e+02    2.924474e-19
 6.979814e+02    2.923423e-19
 7.093341e+02    2.922372e-19
 7.208715e+02    2.921321e-19
 7.325965e+02    2.920270e-19
 7.445123e+02    2.919219e-19
 7.566219e+02    2.918168e-19
 7.689284e+02    2.917117e-19
 7.814351e+02    2.916066e-19
 7.941452e+02    2.915015e-19
 8.070620e+02    2.913964e-19
 8.201889e+02    2.912913e-19
 8.335294e+02    2.911862e-19
 8.470868e+02    2.910811e-19
 8.608648e+02    2.909760e-19
 8.748668e+02    2.908709e-19
 8.890966e+02    2.907658e-19
 9.035578e+02    2.906607e-19
 9.182543e+02    2.905556e-19
 9.331898e+02    2.904505e-19
 9.483682e+02    2.903453e-19
 9.637935e+02    2.902402e-19
 9.794697e+02    2.901351e-19
 9.954008e+02    2.900300e-19
 1.011591e+03    2.899249e-19
 1.028045e+03    2.898198e-19
 1.044766e+03    2.897147e-19
 1.061759e+03    2.896096e-19
 1.079029e+03    2.895045e-19
 1.096579e+03    2.893994e-19
 1.114415e+03    2.892943e-19
 1.132541e+03    2.891892e-19
 1.150962e+03    2.890841e-19
 1.169683e+03    2.889790e-19
 1.188708e+03    2.888739e-19
 1.208042e+03    2.887688e-19
 1.227691e+03    2.886637e-19
 1.247660e+03    2.885586e-19
 1.267953e+03    2.884535e-19
 1.288576e+03    2.883483e-19
 1.309535e+03    2.882432e-19
 1.330835e+03    2.881381e-19
 1.352481e+03    2.880330e-19
 1.374479e+03    2.879279e-19
 1.396835e+03    2.878228e-19
 1.419555e+03    2.877177e-19
 1.442644e+03    2.876126e-19
 1.466109e+03    2.875075e-19
 1.489955e+03    2.874024e-19
 1.514189e+03    2.872973e-19
 1.538818e+03    2.871922e-19
 1.563847e+03    2.870871e-19
 1.589283e+03    2.869820e-19
 1.615133e+03    2.868769e-19
 1.641403e+03    2.867718e-19
 1.668101e+03    2.866667e-19
 1.695232e+03    2.865616e-19
 1.722805e+03    2.864565e-19
 1.750827e+03    2.863514e-19
 1.779304e+03    2.862462e-19
 1.808245e+03    2.861411e-19
 1.837656e+03    2.860360e-19
 1.867546e+03    2.859309e-19
 1.897922e+03    2.858258e-19
 1.928792e+03    2.857207e-19
 1.960163e+03    2.856156e-19
 1.992046e+03    2.855105e-19
 2.024447e+03    2.854054e-19
 2.057374e+03    2.853003e-19
 2.090838e+03    2.851952e-19
 2.124845e+03    2.850901e-19
 2.159406e+03    2.849850e-19
 2.194529e+03    2.848799e-19
 2.230223e+03    2.847748e-19
 2.266498e+03    2.846697e-19
 2.303363e+03    2.845646e-19
 2.340827e+03    2.844595e-19
 2.378901e+03    2.843544e-19
 2.417594e+03    2.842492e-19
 2.456916e+03    2.841441e-19
 2.496878e+03    2.840390e-19
 2.537490e+03    2.839339e-19
 2.578763e+03    2.838288e-19
 2.620707e+03    2.837237e-19
 2.663333e+03    2.836186e-19
 2.706652e+03    2.835135e-19
 2.750676e+03    2.834084e-19
 2.795416e+03    2.833033e-19
 2.840884e+03    2.831982e-19
 2.887091e+03    2.830931e-19
 2.934050e+03    2.829880e-19
 2.981772e+03    2.828829e-19
 3.030271e+03    2.827778e-19
 3.079559e+03    2.826727e-19
 3.129648e+03    2.825676e-19
 3.180552e+03    2.824625e-19
 3.232284e+03    2.823574e-19
 3.284857e+03    2.822523e-19
 3.338286e+03    2.821471e-19
 3.392583e+03    2.820420e-19
 3.447764e+03    2.819369e-19
 3.503842e+03    2.818318e-19
 3.560833e+03    2.817267e-19
 3.618750e+03    2.816216e-19
 3.677609e+03    2.815165e-19
 3.737426e+03    2.814114e-19
 3.798215e+03    2.813063e-19
 3.859994e+03    2.812012e-19
 3.922777e+03    2.810961e-19
 3.986581e+03    2.809910e-19
 4.051423e+03    2.808859e-19
 4.117320e+03    2.807808e-19
 4.184289e+03    2.806757e-19
 4.252346e+03    2.805706e-19
 4.321511e+03    2.804655e-19
 4.391801e+03    2.803604e-19
 4.463234e+03    2.802553e-19
 4.535829e+03    2.801502e-19
 4.609604e+03    2.800450e-19
 4.684580e+03    2.799399e-19
 4.760775e+03    2.798348e-19
 4.838210e+03    2.797297e-19
 4.916904e+03    2.796246e-19
 4.996877e+03    2.795195e-19
 5.078152e+03    2.794144e-19
 5.160749e+03    2.793093e-19
 5.244689e+03    2.792042e-19
 5.329994e+03    2.790991e-19
 5.416687e+03    2.789940e-19
 5.504790e+03    2.788889e-19
 5.594326e+03    2.787838e-19
 5.685318e+03    2.786787e-19
 5.777790e+03    2.785736e-19
 5.871766e+03    2.784685e-19
 5.967271e+03    2.783634e-19
 6.064329e+03    2.782583e-19
 6.162966e+03    2.781532e-19
 6.263207e+03    2.780480e-19
 6.365079e+03    2.779429e-19
 6.468608e+03    2.778378e-19
 6.573820e+03    2.777327e-19
 6.680744e+03    2.776276e-19
 6.789407e+03    2.775225e-19
 6.899837e+03    2.774174e-19
 7.012064e+03    2.773123e-19
 7.126115e+03    2.772072e-19
 7.242022e+03    2.771021e-19
 7.359814e+03    2.769970e-19
 7.479523e+03    2.768919e-19
 7.601178e+03    2.767868e-19
 7.724811e+03    2.766817e-19
 7.850456e+03    2.765766e-19
 7.978145e+03    2.764715e-19
 8.107910e+03    2.763664e-19
 8.239786e+03    2.762613e-19
 8.373807e+03    2.761562e-19
 8.510007e+03    2.760511e-19
 8.648423e+03    2.759459e-19
 8.789091e+03    2.758408e-19
 8.932046e+03    2.757357e-19
 9.077327e+03    2.756306e-19
 9.224970e+03    2.755255e-19
 9.375015e+03    2.754204e-19
 9.527500e+03    2.753153e-19
 9.682466e+03    2.752102e-19
 9.839952e+03    2.751051e-19
 1.000000e+04    2.750000e-19
-----------------------------
